
 0.000000 -0.645791 0.682764 0.296066 -4.844402 -3.797316  -1.618780
 0.810744 -0.656546 0.674334 0.292473 -4.784294 -3.859053  -1.645557
 1.621488 -0.667167 0.665766 0.288819 -4.723256 -3.919963  -1.671980
 2.432232 -0.677652 0.657064 0.285108 -4.661302 -3.980034  -1.698046
 3.242976 -0.688001 0.648228 0.281338 -4.598448 -4.039255  -1.723748
 4.053720 -0.698209 0.639261 0.277511 -4.534707 -4.097615  -1.749083
 4.864464 -0.708276 0.630165 0.273628 -4.470094 -4.155102  -1.774045
 5.675208 -0.718200 0.620940 0.269690 -4.404623 -4.211706  -1.798630
 6.485952 -0.727978 0.611590 0.265697 -4.338310 -4.267417  -1.822832
 7.296695 -0.737609 0.602117 0.261650 -4.271170 -4.322225  -1.846649
 8.107439 -0.747091 0.592521 0.257551 -4.203217 -4.376118  -1.870075
 8.918183 -0.756422 0.582806 0.253399 -4.134468 -4.429088  -1.893106
 9.728927 -0.765601 0.572974 0.249197 -4.064937 -4.481125  -1.915737
 10.539670 -0.774625 0.563026 0.244944 -3.994640 -4.532219  -1.937966
 11.350414 -0.783493 0.552964 0.240641 -3.923593 -4.582362  -1.959787
 12.161158 -0.792203 0.542791 0.236291 -3.851811 -4.631544  -1.981198
 12.971902 -0.800754 0.532509 0.231892 -3.779311 -4.679758  -2.002193
 13.782646 -0.809144 0.522120 0.227447 -3.706108 -4.726993  -2.022770
 14.593391 -0.817372 0.511626 0.222957 -3.632219 -4.773244  -2.042925
 15.404135 -0.825436 0.501030 0.218422 -3.557660 -4.818500  -2.062654
 16.214880 -0.833334 0.490333 0.213842 -3.482447 -4.862756  -2.081955
 17.025624 -0.841065 0.479537 0.209221 -3.406596 -4.906002  -2.100823
 17.836368 -0.848627 0.468646 0.204557 -3.330124 -4.948233  -2.119256
 18.647113 -0.856020 0.457661 0.199852 -3.253048 -4.989441  -2.137251
 19.457857 -0.863242 0.446584 0.195107 -3.175384 -5.029619  -2.154805
 20.268602 -0.870291 0.435419 0.190324 -3.097149 -5.068761  -2.171914
 21.079346 -0.877167 0.424166 0.185502 -3.018359 -5.106861  -2.188576
 21.890090 -0.883868 0.412829 0.180643 -2.939033 -5.143912  -2.204789
 22.700835 -0.890392 0.401409 0.175749 -2.859185 -5.179909  -2.220549
 23.511578 -0.896740 0.389910 0.170819 -2.778834 -5.214847  -2.235855
 24.322321 -0.902909 0.378333 0.165855 -2.697996 -5.248719  -2.250705
 25.133064 -0.908898 0.366681 0.160859 -2.616688 -5.281521  -2.265095
 25.943807 -0.914707 0.354956 0.155830 -2.534928 -5.313249  -2.279023
 26.754550 -0.920335 0.343160 0.150771 -2.452733 -5.343897  -2.292489
 27.565293 -0.925780 0.331297 0.145682 -2.370119 -5.373460  -2.305489
 28.376036 -0.931042 0.319368 0.140563 -2.287104 -5.401936  -2.318022
 29.186779 -0.936119 0.307375 0.135417 -2.203705 -5.429320  -2.330086
 29.997522 -0.941011 0.295322 0.130245 -2.119940 -5.455609  -2.341680
 30.808265 -0.945717 0.283211 0.125046 -2.035825 -5.480799  -2.352802
 31.619008 -0.950237 0.271044 0.119823 -1.951378 -5.504886  -2.363451
 32.429751 -0.954569 0.258823 0.114576 -1.866616 -5.527868  -2.373625
 33.240494 -0.958713 0.246551 0.109307 -1.781557 -5.549743  -2.383323
 34.051237 -0.962668 0.234230 0.104016 -1.696217 -5.570507  -2.392543
 34.861980 -0.966434 0.221864 0.098704 -1.610615 -5.590159  -2.401286
 35.672723 -0.970009 0.209454 0.093373 -1.524766 -5.608696  -2.409550
 36.483466 -0.973394 0.197002 0.088024 -1.438689 -5.626117  -2.417334
 37.294209 -0.976588 0.184512 0.082658 -1.352401 -5.642420  -2.424637
 38.104952 -0.979590 0.171986 0.077275 -1.265919 -5.657604  -2.431459
 38.915695 -0.982401 0.159426 0.071877 -1.179261 -5.671667  -2.437800
 39.726438 -0.985019 0.146835 0.066465 -1.092442 -5.684609  -2.443658
 40.537181 -0.987444 0.134215 0.061040 -1.005482 -5.696429  -2.449034
 41.347925 -0.989676 0.121569 0.055603 -0.918396 -5.707126  -2.453926
 42.158668 -0.991715 0.108900 0.050156 -0.831202 -5.716701  -2.458336
 42.969411 -0.993560 0.096209 0.044698 -0.743917 -5.725153  -2.462263
 43.780154 -0.995212 0.083499 0.039232 -0.656558 -5.732482  -2.465707
 44.590897 -0.996669 0.070773 0.033758 -0.569142 -5.738690  -2.468668
 45.401640 -0.997933 0.058033 0.028278 -0.481686 -5.743775  -2.471146
 46.212383 -0.999002 0.045282 0.022792 -0.394207 -5.747740  -2.473142
 47.023128 -0.999877 0.032522 0.017301 -0.306721 -5.750586  -2.474655
 47.833874 -1.000558 0.019755 0.011808 -0.219246 -5.752313  -2.475688
 48.644620 -1.001045 0.006985 0.006312 -0.131799 -5.752923  -2.476239
 49.455366 -1.001337 -0.005786 0.000814 -0.044395 -5.752418  -2.476310
 50.266111 -1.001436 -0.018557 -0.004683 0.042948 -5.750800  -2.475902
 51.076857 -1.001341 -0.031324 -0.010180 0.130214 -5.748070  -2.475015
 51.887603 -1.001052 -0.044084 -0.015674 0.217386 -5.744231  -2.473650
 52.698349 -1.000569 -0.056836 -0.021166 0.304448 -5.739286  -2.471808
 53.509094 -0.999893 -0.069578 -0.026653 0.391384 -5.733236  -2.469491
 54.319840 -0.999024 -0.082305 -0.032135 0.478177 -5.726086  -2.466699
 55.130586 -0.997963 -0.095017 -0.037611 0.564811 -5.717837  -2.463434
 55.941332 -0.996709 -0.107711 -0.043080 0.651270 -5.708494  -2.459697
 56.752077 -0.995263 -0.120384 -0.048541 0.737538 -5.698059  -2.455489
 57.562823 -0.993626 -0.133034 -0.053992 0.823599 -5.686537  -2.450813
 58.373569 -0.991797 -0.145658 -0.059433 0.909437 -5.673930  -2.445669
 59.184315 -0.989778 -0.158254 -0.064862 0.995037 -5.660244  -2.440060
 59.995060 -0.987569 -0.170819 -0.070279 1.080382 -5.645482  -2.433986
 60.805806 -0.985171 -0.183352 -0.075682 1.165457 -5.629648  -2.427451
 61.616552 -0.982584 -0.195850 -0.081071 1.250246 -5.612748  -2.420455
 62.427298 -0.979808 -0.208311 -0.086445 1.334735 -5.594785  -2.413001
 63.238043 -0.976845 -0.220731 -0.091802 1.418907 -5.575765  -2.405090
 64.048789 -0.973695 -0.233109 -0.097141 1.502748 -5.555693  -2.396726
 64.859535 -0.970359 -0.245443 -0.102462 1.586242 -5.534574  -2.387909
 65.670281 -0.966837 -0.257730 -0.107763 1.669375 -5.512414  -2.378644
 66.481026 -0.963131 -0.269967 -0.113043 1.752132 -5.489217  -2.368930
 67.291772 -0.959242 -0.282153 -0.118302 1.834497 -5.464990  -2.358772
 68.102518 -0.955169 -0.294285 -0.123539 1.916457 -5.439738  -2.348172
 68.913264 -0.950914 -0.306362 -0.128752 1.997995 -5.413468  -2.337132
 69.724009 -0.946479 -0.318380 -0.133940 2.079100 -5.386186  -2.325654
 70.534755 -0.941863 -0.330337 -0.139103 2.159754 -5.357898  -2.313742
 71.345501 -0.937069 -0.342231 -0.144240 2.239946 -5.328611  -2.301399
 72.156247 -0.932096 -0.354061 -0.149349 2.319659 -5.298332  -2.288626
 72.966993 -0.926946 -0.365823 -0.154430 2.398882 -5.267066  -2.275428
 73.777738 -0.921621 -0.377516 -0.159481 2.477598 -5.234822  -2.261807
 74.588484 -0.916121 -0.389137 -0.164502 2.555796 -5.201607  -2.247765
 75.399230 -0.910447 -0.400685 -0.169492 2.633461 -5.167426  -2.233307
 76.209976 -0.904600 -0.412157 -0.174450 2.710579 -5.132289  -2.218434
 77.020721 -0.898583 -0.423550 -0.179375 2.787138 -5.096203  -2.203152
 77.831467 -0.892395 -0.434864 -0.184266 2.863124 -5.059175  -2.187462
 78.642213 -0.886039 -0.446095 -0.189122 2.938524 -5.021213  -2.171368
 79.452959 -0.879516 -0.457242 -0.193943 3.013325 -4.982326  -2.154873
 80.263704 -0.872826 -0.468303 -0.198727 3.087515 -4.942521  -2.137982
 81.074450 -0.865972 -0.479276 -0.203473 3.161079 -4.901806  -2.120697
 81.885196 -0.858954 -0.490158 -0.208181 3.234007 -4.860190  -2.103022
 82.695942 -0.851775 -0.500947 -0.212850 3.306285 -4.817682  -2.084960
 83.506687 -0.844435 -0.511642 -0.217478 3.377901 -4.774290  -2.066516
 84.317433 -0.836936 -0.522241 -0.222066 3.448843 -4.730023  -2.047693
 85.128179 -0.829280 -0.532742 -0.226612 3.519098 -4.684889  -2.028495
 85.938925 -0.821467 -0.543143 -0.231115 3.588656 -4.638899  -2.008925
 86.749670 -0.813500 -0.553441 -0.235575 3.657504 -4.592060  -1.988988
 87.560416 -0.805381 -0.563635 -0.239990 3.725630 -4.544383  -1.968687
 88.371162 -0.797110 -0.573724 -0.244361 3.793024 -4.495876  -1.948027
 89.181908 -0.788689 -0.583705 -0.248685 3.859673 -4.446549  -1.927012
 89.992653 -0.780121 -0.593576 -0.252963 3.925567 -4.396412  -1.905645
 90.803399 -0.771406 -0.603336 -0.257194 3.990695 -4.345474  -1.883931
 91.614139 -0.762547 -0.612983 -0.261376 4.055045 -4.293746  -1.861874
 92.424885 -0.753544 -0.622515 -0.265510 4.118606 -4.241236  -1.839478
 93.235631 -0.744401 -0.631931 -0.269593 4.181369 -4.187956  -1.816747
 94.046377 -0.735119 -0.641228 -0.273626 4.243323 -4.133915  -1.793687
 94.857122 -0.725698 -0.650405 -0.277608 4.304457 -4.079124  -1.770301
 95.667868 -0.716142 -0.659461 -0.281539 4.364761 -4.023593  -1.746593
 96.478614 -0.706453 -0.668393 -0.285416 4.424226 -3.967332  -1.722569
 97.289360 -0.696631 -0.677201 -0.289240 4.482841 -3.910352  -1.698232
 98.100105 -0.686679 -0.685882 -0.293010 4.540596 -3.852663  -1.673587
 98.910851 -0.676599 -0.694435 -0.296726 4.597483 -3.794277  -1.648639
 99.721597 -0.666392 -0.702858 -0.300385 4.653491 -3.735204  -1.623393
 100.532343 -0.656062 -0.711150 -0.303989 4.708611 -3.675456  -1.597853
 101.343088 -0.645609 -0.719310 -0.307537 4.762835 -3.615042  -1.572023
 102.153834 -0.635035 -0.727335 -0.311027 4.816153 -3.553975  -1.545909
 102.964580 -0.624343 -0.735225 -0.314458 4.868556 -3.492265  -1.519516
 103.775326 -0.613535 -0.742978 -0.317832 4.920036 -3.429923  -1.492847
 104.586071 -0.602613 -0.750592 -0.321146 4.970584 -3.366962  -1.465909
 105.396817 -0.591578 -0.758067 -0.324400 5.020193 -3.303393  -1.438706
 106.207563 -0.580433 -0.765400 -0.327594 5.068853 -3.239226  -1.411242
 107.018309 -0.569180 -0.772591 -0.330727 5.116557 -3.174474  -1.383523
 107.829054 -0.557821 -0.779639 -0.333799 5.163296 -3.109149  -1.355555
 108.639800 -0.546359 -0.786541 -0.336808 5.209064 -3.043261  -1.327341
 109.450546 -0.534795 -0.793297 -0.339755 5.253852 -2.976824  -1.298887
 110.261292 -0.523131 -0.799905 -0.342638 5.297654 -2.909848  -1.270198
 111.072037 -0.511370 -0.806365 -0.345458 5.340461 -2.842346  -1.241279
 111.882783 -0.499515 -0.812675 -0.348214 5.382267 -2.774331  -1.212136
 112.693529 -0.487566 -0.818834 -0.350905 5.423065 -2.705813  -1.182773
 113.504275 -0.475527 -0.824841 -0.353530 5.462849 -2.636805  -1.153196
 114.315020 -0.463399 -0.830695 -0.356090 5.501611 -2.567320  -1.123410
 115.125766 -0.451186 -0.836394 -0.358584 5.539345 -2.497370  -1.093421
 115.936512 -0.438888 -0.841939 -0.361012 5.576045 -2.426967  -1.063233
 116.747258 -0.426510 -0.847326 -0.363372 5.611704 -2.356123  -1.032852
 117.558003 -0.414052 -0.852557 -0.365665 5.646318 -2.284852  -1.002284
 118.368749 -0.401517 -0.857629 -0.367890 5.679879 -2.213166  -0.971533
 119.179495 -0.388907 -0.862543 -0.370047 5.712383 -2.141076  -0.940605
 119.990241 -0.376226 -0.867296 -0.372135 5.743824 -2.068597  -0.909506
 120.800986 -0.363475 -0.871888 -0.374154 5.774197 -1.995741  -0.878241
 121.611732 -0.350656 -0.876319 -0.376104 5.803496 -1.922520  -0.846816
 122.422478 -0.337772 -0.880587 -0.377984 5.831717 -1.848947  -0.815235
 123.233224 -0.324826 -0.884691 -0.379794 5.858854 -1.775036  -0.783506
 124.043969 -0.311819 -0.888632 -0.381533 5.884904 -1.700798  -0.751632
 124.854715 -0.298755 -0.892408 -0.383202 5.909861 -1.626248  -0.719620
 125.665461 -0.285635 -0.896018 -0.384799 5.933722 -1.551399  -0.687475
 126.476207 -0.272462 -0.899462 -0.386325 5.956482 -1.476262  -0.655204
 127.286952 -0.259238 -0.902739 -0.387780 5.978137 -1.400852  -0.622811
 128.097698 -0.245967 -0.905849 -0.389163 5.998684 -1.325181  -0.590302
 128.908444 -0.232650 -0.908791 -0.390473 6.018119 -1.249264  -0.557683
 129.719190 -0.219290 -0.911565 -0.391711 6.036439 -1.173112  -0.524959
 130.529935 -0.205889 -0.914169 -0.392876 6.053639 -1.096739  -0.492137
 131.340681 -0.192450 -0.916604 -0.393969 6.069718 -1.020159  -0.459222
 132.151427 -0.178975 -0.918868 -0.394989 6.084672 -0.943385  -0.426219
 132.962173 -0.165467 -0.920963 -0.395935 6.098498 -0.866430  -0.393135
 133.772918 -0.151928 -0.922886 -0.396807 6.111194 -0.789308  -0.359976
 134.583664 -0.138361 -0.924638 -0.397607 6.122758 -0.712032  -0.326746
 135.394410 -0.124769 -0.926219 -0.398332 6.133186 -0.634616  -0.293452
 136.205156 -0.111153 -0.927628 -0.398983 6.142478 -0.557072  -0.260100
 137.015901 -0.097517 -0.928865 -0.399561 6.150631 -0.479416  -0.226695
 137.826647 -0.083863 -0.929929 -0.400064 6.157643 -0.401659  -0.193244
 138.637393 -0.070193 -0.930821 -0.400493 6.163513 -0.323817  -0.159751
 139.448139 -0.056510 -0.931539 -0.400848 6.168240 -0.245901  -0.126224
 140.258884 -0.042816 -0.932085 -0.401128 6.171821 -0.167927  -0.092667
 141.069630 -0.029115 -0.932458 -0.401334 6.174257 -0.089907  -0.059087
 141.880376 -0.015408 -0.932658 -0.401465 6.175547 -0.011856  -0.025490
 142.691122 -0.001698 -0.932684 -0.401521 6.175689 0.066214  0.008120
 143.501867 0.012012 -0.932537 -0.401503 6.174683 0.144288  0.041734
 144.312613 0.025720 -0.932217 -0.401411 6.172530 0.222353  0.075349
 145.123359 0.039423 -0.931723 -0.401244 6.169227 0.300395  0.108957
 145.934105 0.053118 -0.931056 -0.401002 6.164777 0.378400  0.142554
 146.744850 0.066804 -0.930216 -0.400685 6.159179 0.456354  0.176132
 147.555596 0.080478 -0.929203 -0.400294 6.152433 0.534245  0.209687
 148.366342 0.094136 -0.928017 -0.399829 6.144540 0.612058  0.243212
 149.177088 0.107777 -0.926658 -0.399289 6.135500 0.689779  0.276701
 149.987833 0.121398 -0.925127 -0.398674 6.125315 0.767395  0.310149
 150.798579 0.134996 -0.923423 -0.397986 6.113986 0.844891  0.343549
 151.609325 0.148569 -0.921548 -0.397223 6.101513 0.922255  0.376896
 152.420071 0.162114 -0.919500 -0.396387 6.087899 0.999473  0.410184
 153.230816 0.175629 -0.917282 -0.395476 6.073146 1.076530  0.443406
 154.041562 0.189112 -0.914892 -0.394492 6.057253 1.153413  0.476557
 154.852308 0.202559 -0.912331 -0.393434 6.040225 1.230108  0.509631
 155.663054 0.215968 -0.909600 -0.392302 6.022063 1.306602  0.542622
 156.473800 0.229337 -0.906700 -0.391098 6.002770 1.382881  0.575525
 157.284545 0.242663 -0.903630 -0.389820 5.982347 1.458931  0.608332
 158.095291 0.255944 -0.900391 -0.388469 5.960798 1.534738  0.641039
 158.906037 0.269177 -0.896984 -0.387046 5.938126 1.610290  0.673639
 159.716783 0.282360 -0.893409 -0.385551 5.914333 1.685571  0.706127
 160.527528 0.295490 -0.889667 -0.383983 5.889423 1.760570  0.738497
 161.338274 0.308564 -0.885758 -0.382344 5.863400 1.835271  0.770742
 162.149020 0.321581 -0.881684 -0.380633 5.836267 1.909662  0.802857
 162.959766 0.334537 -0.877445 -0.378850 5.808029 1.983728  0.834837
 163.770511 0.347431 -0.873041 -0.376997 5.778688 2.057457  0.866674
 164.581257 0.360260 -0.868473 -0.375073 5.748249 2.130835  0.898365
 165.392003 0.373021 -0.863743 -0.373079 5.716717 2.203849  0.929902
 166.202749 0.385712 -0.858850 -0.371014 5.684096 2.276484  0.961279
 167.013494 0.398331 -0.853796 -0.368880 5.650391 2.348729  0.992492
 167.824240 0.410875 -0.848582 -0.366677 5.615607 2.420568  1.023534
 168.634986 0.423341 -0.843209 -0.364405 5.579750 2.491989  1.054400
 169.445732 0.435728 -0.837676 -0.362064 5.542823 2.562979  1.085084
 170.256477 0.448033 -0.831987 -0.359655 5.504834 2.633525  1.115580
 171.067223 0.460254 -0.826140 -0.357178 5.465787 2.703613  1.145882
 171.877969 0.472388 -0.820138 -0.354635 5.425688 2.773230  1.175985
 172.688715 0.484433 -0.813981 -0.352024 5.384545 2.842363  1.205883
 173.499460 0.496387 -0.807671 -0.349347 5.342362 2.910999  1.235570
 174.310206 0.508247 -0.801209 -0.346604 5.299146 2.979124  1.265042
 175.120952 0.520011 -0.794595 -0.343795 5.254904 3.046727  1.294291
 175.931698 0.531677 -0.787832 -0.340922 5.209643 3.113795  1.323313
 176.742443 0.543242 -0.780919 -0.337984 5.163370 3.180313  1.352103
 177.553189 0.554705 -0.773859 -0.334983 5.116092 3.246270  1.380654
 178.363935 0.566063 -0.766652 -0.331918 5.067816 3.311653  1.408961
 179.174681 0.577313 -0.759300 -0.328790 5.018550 3.376449  1.437019
 179.985426 0.588454 -0.751804 -0.325600 4.968301 3.440646  1.464822
 180.796172 0.599484 -0.744166 -0.322348 4.917079 3.504231  1.492365
 181.606918 0.610400 -0.736387 -0.319035 4.864890 3.567192  1.519642
 182.417664 0.621200 -0.728468 -0.315661 4.811743 3.629516  1.546649
 183.228409 0.631882 -0.720410 -0.312227 4.757647 3.691191  1.573379
 184.039144 0.642444 -0.712216 -0.308735 4.702610 3.752205  1.599827
 184.849879 0.652884 -0.703886 -0.305183 4.646641 3.812546  1.625989
 185.660614 0.663199 -0.695422 -0.301573 4.589749 3.872202  1.651860
 186.471349 0.673389 -0.686826 -0.297906 4.531944 3.931161  1.677432
 187.282084 0.683450 -0.678098 -0.294182 4.473235 3.989410  1.702703
 188.092819 0.693380 -0.669242 -0.290402 4.413631 4.046939  1.727666
 188.903553 0.703178 -0.660258 -0.286567 4.353143 4.103735  1.752317
 189.714288 0.712842 -0.651147 -0.282677 4.291779 4.159788  1.776651
 190.525023 0.722370 -0.641913 -0.278733 4.229552 4.215084  1.800662
 191.335758 0.731760 -0.632555 -0.274735 4.166470 4.269614  1.824346
 192.146493 0.741009 -0.623077 -0.270685 4.102544 4.323366  1.847697
 192.957228 0.750117 -0.613479 -0.266583 4.037786 4.376328  1.870711
 193.767963 0.759081 -0.603763 -0.262430 3.972206 4.428490  1.893384
 194.578697 0.767899 -0.593932 -0.258227 3.905814 4.479841  1.915710
 195.389432 0.776570 -0.583987 -0.253974 3.838623 4.530369  1.937684
 196.200167 0.785092 -0.573929 -0.249672 3.770644 4.580064  1.959303
 197.010902 0.793463 -0.563762 -0.245323 3.701888 4.628916  1.980561
 197.821637 0.801681 -0.553486 -0.240926 3.632367 4.676914  2.001454
 198.632372 0.809745 -0.543103 -0.236483 3.562093 4.724047  2.021977
 199.443107 0.817653 -0.532615 -0.231994 3.491078 4.770306  2.042126
 200.253842 0.825403 -0.522025 -0.227460 3.419335 4.815680  2.061897
 201.064576 0.832994 -0.511335 -0.222883 3.346876 4.860159  2.081285
 201.875311 0.840424 -0.500545 -0.218262 3.273713 4.903733  2.100285
 202.686046 0.847691 -0.489659 -0.213600 3.199860 4.946394  2.118895
 203.496781 0.854795 -0.478678 -0.208896 3.125329 4.988130  2.137109
 204.307516 0.861733 -0.467604 -0.204151 3.050134 5.028933  2.154923
 205.118251 0.868505 -0.456440 -0.199368 2.974288 5.068794  2.172333
 205.928986 0.875108 -0.445187 -0.194545 2.897805 5.107703  2.189337
 206.739720 0.881541 -0.433848 -0.189685 2.820697 5.145651  2.205928
 207.550455 0.887803 -0.422425 -0.184787 2.742979 5.182630  2.222104
 208.361190 0.893892 -0.410919 -0.179854 2.664666 5.218631  2.237861
 209.171925 0.899808 -0.399334 -0.174886 2.585770 5.253645  2.253195
 209.982660 0.905548 -0.387671 -0.169884 2.506307 5.287663  2.268103
 210.793395 0.911112 -0.375932 -0.164849 2.426290 5.320679  2.282581
 211.604130 0.916498 -0.364120 -0.159782 2.345734 5.352683  2.296625
 212.414865 0.921706 -0.352237 -0.154683 2.264655 5.383668  2.310231
 213.225599 0.926733 -0.340286 -0.149554 2.183067 5.413626  2.323398
 214.036334 0.931580 -0.328267 -0.144397 2.100985 5.442550  2.336121
 214.847069 0.936244 -0.316185 -0.139210 2.018424 5.470432  2.348397
 215.657804 0.940725 -0.304040 -0.133997 1.935399 5.497266  2.360223
 216.468539 0.945021 -0.291837 -0.128757 1.851927 5.523043  2.371596
 217.279274 0.949133 -0.279575 -0.123492 1.768022 5.547758  2.382513
 218.090009 0.953058 -0.267259 -0.118203 1.683701 5.571404  2.392971
 218.900744 0.956796 -0.254891 -0.112891 1.598979 5.593974  2.402967
 219.711478 0.960345 -0.242472 -0.107556 1.513873 5.615462  2.412499
 220.522213 0.963706 -0.230006 -0.102200 1.428398 5.635862  2.421563
 221.332948 0.966877 -0.217494 -0.096824 1.342571 5.655168  2.430158
 222.143683 0.969858 -0.204940 -0.091430 1.256408 5.673375  2.438281
 222.954418 0.972647 -0.192345 -0.086017 1.169925 5.690478  2.445929
 223.765153 0.975244 -0.179712 -0.080587 1.083140 5.706470  2.453100
 224.575888 0.977649 -0.167044 -0.075141 0.996070 5.721347  2.459792
 225.386622 0.979860 -0.154342 -0.069680 0.908730 5.735104  2.466003
 226.197357 0.981877 -0.141610 -0.064205 0.821138 5.747737  2.471731
 227.008092 0.983700 -0.128850 -0.058718 0.733311 5.759241  2.476973
 227.818827 0.985328 -0.116065 -0.053219 0.645266 5.769612  2.481729
 228.629562 0.986761 -0.103256 -0.047710 0.557022 5.778846  2.485995
 229.440297 0.987997 -0.090427 -0.042191 0.468594 5.786940  2.489772
 230.251032 0.989038 -0.077580 -0.036664 0.380000 5.793889  2.493056
 231.061767 0.989881 -0.064718 -0.031129 0.291259 5.799691  2.495846
 231.872501 0.990528 -0.051843 -0.025588 0.202387 5.804342  2.498142
 232.683236 0.990977 -0.038957 -0.020042 0.113402 5.807840  2.499942
 233.493971 0.991229 -0.026064 -0.014493 0.024323 5.810183  2.501244
 234.304706 0.991283 -0.013165 -0.008940 -0.064832 5.811367  2.502048
 235.115441 0.991139 -0.000264 -0.003385 -0.154047 5.811390  2.502353
 235.926176 0.990797 0.012638 0.002170 -0.243302 5.810252  2.502158
 236.736911 0.990257 0.025536 0.007725 -0.332580 5.807950  2.501461
 237.547645 0.989518 0.038430 0.013278 -0.421863 5.804482  2.500263
 238.358380 0.988582 0.051316 0.018829 -0.511131 5.799848  2.498563
 239.169115 0.987447 0.064192 0.024375 -0.600368 5.794047  2.496360
 239.979850 0.986114 0.077054 0.029917 -0.689554 5.787078  2.493654
 240.790585 0.984584 0.089902 0.035453 -0.778671 5.778941  2.490445
 241.601320 0.982855 0.102731 0.040982 -0.867701 5.769635  2.486733
 242.412055 0.980929 0.115540 0.046503 -0.956625 5.759161  2.482517
 243.222790 0.978805 0.128325 0.052014 -1.045425 5.747519  2.477799
 244.033524 0.976484 0.141084 0.057514 -1.134082 5.734710  2.472577
 244.844259 0.973966 0.153815 0.063004 -1.222578 5.720734  2.466852
 245.654994 0.971252 0.166515 0.068480 -1.310894 5.705593  2.460625
 246.465729 0.968342 0.179182 0.073943 -1.399011 5.689288  2.453897
 247.276464 0.965236 0.191812 0.079390 -1.486911 5.671820  2.446667
 248.087199 0.961935 0.204404 0.084822 -1.574575 5.653192  2.438937
 248.897934 0.958440 0.216954 0.090236 -1.661985 5.633406  2.430707
 249.708668 0.954750 0.229460 0.095632 -1.749122 5.612464  2.421979
 250.519403 0.950867 0.241919 0.101009 -1.835967 5.590369  2.412754
 251.330138 0.946791 0.254330 0.106366 -1.922502 5.567124  2.403032
 252.140873 0.942523 0.266689 0.111700 -2.008709 5.542731  2.392816
 252.951608 0.938064 0.278994 0.117012 -2.094567 5.517196  2.382106
 253.762343 0.933414 0.291242 0.122301 -2.180060 5.490520  2.370904
 254.573078 0.928574 0.303431 0.127564 -2.265169 5.462709  2.359212
 255.383813 0.923546 0.315558 0.132801 -2.349875 5.433767  2.347032
 256.194547 0.918329 0.327621 0.138012 -2.434159 5.403698  2.334365
 257.005282 0.912925 0.339617 0.143194 -2.518004 5.372507  2.321214
 257.816017 0.907335 0.351544 0.148347 -2.601391 5.340199  2.307580
 258.626752 0.901560 0.363400 0.153470 -2.684301 5.306779  2.293467
 259.437487 0.895601 0.375181 0.158562 -2.766717 5.272254  2.278875
 260.248222 0.889459 0.386885 0.163621 -2.848621 5.236629  2.263809
 261.058957 0.883135 0.398510 0.168646 -2.929994 5.199909  2.248270
 261.869692 0.876630 0.410054 0.173637 -3.010818 5.162103  2.232261
 262.680426 0.869946 0.421514 0.178593 -3.091075 5.123216  2.215784
 263.491161 0.863084 0.432888 0.183512 -3.170748 5.083255  2.198844
 264.301896 0.856045 0.444173 0.188394 -3.249819 5.042228  2.181442
 265.112631 0.848830 0.455366 0.193236 -3.328271 5.000142  2.163583
 265.923366 0.841442 0.466467 0.198040 -3.406085 4.957004  2.145269
 266.734101 0.833880 0.477471 0.202802 -3.483244 4.912824  2.126504
 267.544836 0.826147 0.488378 0.207523 -3.559731 4.867608  2.107290
 268.355570 0.818245 0.499184 0.212201 -3.635529 4.821367  2.087633
 269.166305 0.810174 0.509887 0.216836 -3.710620 4.774107  2.067536
 269.977040 0.801936 0.520486 0.221426 -3.784989 4.725840  2.047002
 270.787775 0.793534 0.530977 0.225970 -3.858617 4.676573  2.026035
 271.598510 0.784967 0.541359 0.230468 -3.931489 4.626316  2.004640
 272.409245 0.776240 0.551629 0.234918 -4.003587 4.575080  1.982820
 273.219980 0.767352 0.561786 0.239320 -4.074896 4.522874  1.960580
 274.030715 0.758305 0.571827 0.243672 -4.145399 4.469708  1.937925
 274.841449 0.749103 0.581750 0.247975 -4.215080 4.415594  1.914859
 275.652184 0.739745 0.591552 0.252225 -4.283924 4.360542  1.891386
 276.462919 0.730235 0.601233 0.256424 -4.351914 4.304563  1.867511
 277.273654 0.720574 0.610789 0.260570 -4.419035 4.247669  1.843239
 278.084389 0.710763 0.620219 0.264662 -4.485271 4.189870  1.818575
 278.895124 0.700806 0.629520 0.268699 -4.550608 4.131179  1.793523
 279.705859 0.690704 0.638691 0.272681 -4.615031 4.071608  1.768090
 280.516593 0.680458 0.647730 0.276606 -4.678524 4.011169  1.742280
 281.327328 0.670072 0.656635 0.280474 -4.741073 3.949874  1.716099
 282.138063 0.659547 0.665404 0.284284 -4.802663 3.887737  1.689552
 282.948798 0.648885 0.674035 0.288035 -4.863281 3.824769  1.662644
 283.759533 0.638088 0.682526 0.291726 -4.922913 3.760985  1.635381
 284.570268 0.627159 0.690875 0.295356 -4.981544 3.696397  1.607769
 285.381003 0.616100 0.699081 0.298926 -5.039162 3.631019  1.579814
 286.191738 0.604914 0.707142 0.302433 -5.095752 3.564865  1.551521
 287.002472 0.593601 0.715056 0.305877 -5.151302 3.497950  1.522896
 287.813207 0.582165 0.722821 0.309258 -5.205799 3.430286  1.493947
 288.623942 0.570608 0.730436 0.312574 -5.259230 3.361888  1.464677
 289.434677 0.558933 0.737900 0.315826 -5.311583 3.292772  1.435095
 290.245412 0.547141 0.745210 0.319012 -5.362847 3.222951  1.405206
 291.056147 0.535235 0.752365 0.322132 -5.413008 3.152441  1.375016
 291.866882 0.523219 0.759363 0.325184 -5.462055 3.081257  1.344533
 292.677617 0.511093 0.766204 0.328169 -5.509978 3.009414  1.313762
 293.488351 0.498861 0.772884 0.331085 -5.556764 2.936927  1.282711
 294.299086 0.486525 0.779404 0.333933 -5.602404 2.863813  1.251385
 295.109821 0.474087 0.785762 0.336711 -5.646886 2.790087  1.219793
 295.920556 0.461551 0.791956 0.339419 -5.690201 2.715766  1.187940
 296.731291 0.448919 0.797985 0.342056 -5.732338 2.640864  1.155833
 297.542026 0.436193 0.803848 0.344622 -5.773288 2.565399  1.123480
 298.352761 0.423377 0.809543 0.347116 -5.813040 2.489387  1.090888
 299.163495 0.410472 0.815069 0.349538 -5.851587 2.412845  1.058063
 299.974230 0.397481 0.820426 0.351887 -5.888919 2.335789  1.025013
 300.784965 0.384408 0.825611 0.354163 -5.925028 2.258237  0.991746
 301.595700 0.371254 0.830625 0.356364 -5.959905 2.180205  0.958267
 302.406435 0.358023 0.835465 0.358492 -5.993543 2.101710  0.924586
 303.217170 0.344717 0.840131 0.360544 -6.025933 2.022769  0.890708
 304.027905 0.331340 0.844621 0.362522 -6.057069 1.943401  0.856642
 304.838640 0.317893 0.848935 0.364423 -6.086943 1.863622  0.822396
 305.649374 0.304380 0.853073 0.366249 -6.115549 1.783450  0.787975
 306.460109 0.290804 0.857032 0.367998 -6.142880 1.702903  0.753389
 307.270844 0.277166 0.860812 0.369671 -6.168929 1.621998  0.718645
 308.081579 0.263471 0.864413 0.371266 -6.193693 1.540754  0.683751
 308.892314 0.249721 0.867834 0.372784 -6.217163 1.459188  0.648714
 309.703049 0.235919 0.871073 0.374224 -6.239337 1.377318  0.613541
 310.513784 0.222068 0.874131 0.375586 -6.260208 1.295163  0.578242
 311.324518 0.208170 0.877006 0.376870 -6.279772 1.212740  0.542823
 312.135253 0.194229 0.879698 0.378075 -6.298025 1.130068  0.507292
 312.945988 0.180248 0.882207 0.379201 -6.314964 1.047165  0.471658
 313.756723 0.166228 0.884532 0.380248 -6.330583 0.964049  0.435927
 314.567458 0.152174 0.886672 0.381216 -6.344881 0.880739  0.400109
 315.378193 0.138089 0.888627 0.382104 -6.357855 0.797254  0.364211
 316.188928 0.123974 0.890397 0.382913 -6.369501 0.713611  0.328240
 316.999663 0.109834 0.891981 0.383642 -6.379817 0.629830  0.292206
 317.810397 0.095671 0.893380 0.384290 -6.388802 0.545928  0.256115
 318.621132 0.081488 0.894592 0.384859 -6.396454 0.461924  0.219976
 319.431867 0.067288 0.895617 0.385347 -6.402771 0.377837  0.183797
 320.242602 0.053074 0.896456 0.385755 -6.407753 0.293686  0.147586
 321.053337 0.038848 0.897108 0.386083 -6.411400 0.209489  0.111350
 321.864072 0.024615 0.897573 0.386330 -6.413709 0.125264  0.075099
 322.674807 0.010377 0.897851 0.386497 -6.414683 0.041030  0.038839
 323.485541 -0.003864 0.897942 0.386583 -6.414320 -0.043194  0.002578
 324.296276 -0.018104 0.897846 0.386589 -6.412623 -0.127390  -0.033674
 325.107011 -0.032340 0.897563 0.386514 -6.409591 -0.211540  -0.069911
 325.917746 -0.046569 0.897094 0.386359 -6.405226 -0.295624  -0.106124
 326.728481 -0.060789 0.896437 0.386123 -6.399530 -0.379625  -0.142306
 327.539216 -0.074996 0.895595 0.385807 -6.392504 -0.463523  -0.178448
 328.349951 -0.089187 0.894566 0.385411 -6.384152 -0.547301  -0.214543
 329.160686 -0.103360 0.893351 0.384935 -6.374474 -0.630941  -0.250582
 329.971420 -0.117511 0.891950 0.384379 -6.363476 -0.714424  -0.286559
 330.782155 -0.131638 0.890364 0.383742 -6.351159 -0.797731  -0.322464
 331.592890 -0.145738 0.888593 0.383027 -6.337528 -0.880846  -0.358290
 332.403625 -0.159807 0.886637 0.382231 -6.322585 -0.963749  -0.394030
 333.214360 -0.173843 0.884498 0.381356 -6.306336 -1.046422  -0.429675
 334.025095 -0.187843 0.882175 0.380403 -6.288785 -1.128849  -0.465218
 334.835830 -0.201804 0.879669 0.379370 -6.269936 -1.211010  -0.500651
 335.646565 -0.215724 0.876980 0.378258 -6.249795 -1.292889  -0.535967
 336.457299 -0.229598 0.874110 0.377069 -6.228368 -1.374468  -0.571158
 337.268034 -0.243425 0.871059 0.375801 -6.205659 -1.455728  -0.606216
 338.078769 -0.257202 0.867827 0.374455 -6.181675 -1.536653  -0.641134
 338.889504 -0.270925 0.864416 0.373031 -6.156422 -1.617226  -0.675905
 339.700239 -0.284592 0.860826 0.371531 -6.129906 -1.697428  -0.710520
 340.510974 -0.298201 0.857057 0.369954 -6.102136 -1.777244  -0.744973
 341.321709 -0.311747 0.853112 0.368300 -6.073117 -1.856655  -0.779256
 342.132443 -0.325230 0.848990 0.366570 -6.042857 -1.935646  -0.813362
 342.943178 -0.338645 0.844693 0.364764 -6.011364 -2.014199  -0.847283
 343.753913 -0.351990 0.840221 0.362883 -5.978647 -2.092298  -0.881014
 344.564648 -0.365263 0.835576 0.360927 -5.944712 -2.169927  -0.914545
 345.375383 -0.378460 0.830759 0.358897 -5.909569 -2.247069  -0.947871
 346.186118 -0.391579 0.825771 0.356793 -5.873227 -2.323708  -0.980985
 346.996853 -0.404618 0.820612 0.354615 -5.835695 -2.399828  -1.013879
 347.807588 -0.417573 0.815284 0.352364 -5.796982 -2.475413  -1.046547
 348.618322 -0.430442 0.809789 0.350041 -5.757097 -2.550447  -1.078981
 349.429057 -0.443223 0.804127 0.347645 -5.716051 -2.624916  -1.111176
 350.239792 -0.455913 0.798300 0.345179 -5.673854 -2.698803  -1.143124
 351.050527 -0.468509 0.792308 0.342641 -5.630516 -2.772094  -1.174820
 351.861262 -0.481008 0.786154 0.340033 -5.586047 -2.844773  -1.206255
 352.671997 -0.493409 0.779839 0.337355 -5.540459 -2.916825  -1.237425
 353.482732 -0.505709 0.773364 0.334608 -5.493762 -2.988237  -1.268322
 354.293466 -0.517905 0.766730 0.331792 -5.445968 -3.058993  -1.298941
 355.104201 -0.529995 0.759939 0.328909 -5.397089 -3.129079  -1.329275
 355.914936 -0.541977 0.752992 0.325958 -5.347136 -3.198482  -1.359318
 356.725671 -0.553848 0.745892 0.322940 -5.296121 -3.267186  -1.389064
 357.536406 -0.565605 0.738638 0.319856 -5.244056 -3.335179  -1.418507
 358.347141 -0.577247 0.731234 0.316707 -5.190953 -3.402447  -1.447642
 359.157876 -0.588771 0.723681 0.313493 -5.136827 -3.468976  -1.476462
 359.968611 -0.600174 0.715980 0.310216 -5.081688 -3.534754  -1.504962
 360.779345 -0.611456 0.708133 0.306874 -5.025550 -3.599768  -1.533136
 361.590080 -0.622612 0.700141 0.303471 -4.968427 -3.664005  -1.560979
 362.400815 -0.633642 0.692007 0.300006 -4.910331 -3.727451  -1.588485
 363.211550 -0.644543 0.683732 0.296479 -4.851276 -3.790097  -1.615649
 364.022285 -0.655313 0.675318 0.292892 -4.791277 -3.851928  -1.642466
 364.833020 -0.665950 0.666767 0.289246 -4.730346 -3.912933  -1.668930
 365.643755 -0.676451 0.658080 0.285541 -4.668499 -3.973101  -1.695037