
 0.000000 0.068886 -0.397230 -0.219331 8.083895 2.132377  0.300758
 0.810744 0.086832 -0.392496 -0.218664 8.004479 2.491351  0.500745
 1.621488 0.104602 -0.386965 -0.217552 7.907847 2.848830  0.701720
 2.432232 0.122158 -0.380641 -0.215994 7.793726 3.204431  0.903506
 3.242976 0.139460 -0.373527 -0.213988 7.661813 3.557744  1.105914
 4.053720 0.156469 -0.365629 -0.211533 7.511784 3.908324  1.308741
 4.864464 0.173145 -0.356952 -0.208628 7.343288 4.255692  1.511767
 5.675208 0.189447 -0.347505 -0.205272 7.155952 4.599324  1.714751
 6.485952 0.205333 -0.337294 -0.201465 6.949380 4.938653  1.917432
 7.296695 0.220761 -0.326330 -0.197208 6.723157 5.273057  2.119519
 8.107439 0.235686 -0.314624 -0.192503 6.476851 5.601857  2.320696
 8.918183 0.250065 -0.302188 -0.187351 6.210016 5.924311  2.520612
 9.728927 0.263851 -0.289036 -0.181755 5.922195 6.239605  2.718879
 10.539670 0.276999 -0.275184 -0.175719 5.612927 6.546846  2.915068
 11.350414 0.289459 -0.260650 -0.169248 5.281755 6.845058  3.108706
 12.161158 0.301185 -0.245454 -0.162347 4.928228 7.133169  3.299266
 12.971902 0.312125 -0.229618 -0.155022 4.551915 7.410007  3.486168
 13.782646 0.322231 -0.213168 -0.147283 4.152415 7.674292  3.668769
 14.593391 0.331449 -0.196131 -0.139138 3.729370 7.924625  3.846358
 15.404135 0.339728 -0.178539 -0.130599 3.282481 8.159480  4.018153
 16.214880 0.347015 -0.160425 -0.121679 2.811527 8.377201  4.183290
 17.025624 0.353257 -0.141827 -0.112392 2.316387 8.575992  4.340824
 17.836368 0.358399 -0.122788 -0.102755 1.797065 8.753913  4.489717
 18.647113 0.362389 -0.103355 -0.092788 1.253722 8.908876  4.628838
 19.457857 0.365172 -0.083577 -0.082512 0.686705 9.038650  4.756958
 20.268602 0.366696 -0.063511 -0.071952 0.096588 9.140857  4.872749
 21.079346 0.366911 -0.043219 -0.061134 -0.515787 9.212989  4.974782
 21.890090 0.365766 -0.022766 -0.050090 -1.149262 9.252417  5.061534
 22.700835 0.363215 -0.002225 -0.038854 -1.802318 9.256418  5.131393
 23.511578 0.359213 0.018324 -0.027462 -2.473017 9.222205  5.182668
 24.322321 0.353723 0.038797 -0.015957 -3.158958 9.146970  5.213611
 25.133064 0.346710 0.059103 -0.004382 -3.857218 9.027938  5.222437
 25.943807 0.338147 0.079145 0.007212 -4.564310 8.862439  5.207357
 26.754550 0.328015 0.098820 0.018772 -5.276143 8.647986  5.166620
 27.565293 0.316302 0.118019 0.030242 -5.988000 8.382378  5.098559
 28.376036 0.303008 0.136628 0.041561 -6.694528 8.063802  5.001651
 29.186779 0.288146 0.154529 0.052664 -7.389757 7.690959  4.874585
 29.997522 0.271741 0.171603 0.063486 -8.067148 7.263190  4.716329
 30.808265 0.253832 0.187727 0.073956 -8.719672 6.780601  4.526211
 31.619008 0.234474 0.202780 0.084004 -9.339932 6.244182  4.303993
 32.429751 0.213740 0.216642 0.093559 -9.920324 5.655908  4.049941
 33.240494 0.191717 0.229198 0.102550 -10.453233 5.018812  3.764886
 34.051237 0.168510 0.240340 0.110908 -10.931258 4.337022  3.450265
 34.861980 0.144243 0.249968 0.118568 -11.347469 3.615742  3.108141
 35.672723 0.119052 0.257995 0.125468 -11.695655 2.861191  2.741189
 36.483466 0.093087 0.264347 0.131553 -11.970577 2.080475  2.352664
 37.294209 0.066513 0.268966 0.136776 -12.168177 1.281413  1.946321
 38.104952 0.039499 0.271811 0.141097 -12.285754 0.472315  1.526318
 38.915695 0.012225 0.272859 0.144485 -12.322071 -0.338272  1.097094
 39.726438 -0.015130 0.272108 0.146921 -12.277390 -1.141826  0.663226
 40.537181 -0.042386 0.269573 0.148393 -12.153445 -1.930118  0.229292
 41.347925 -0.069367 0.265288 0.148902 -11.953329 -2.695449  -0.200276
 42.158668 -0.095903 0.259305 0.148458 -11.681341 -3.430857  -0.621313
 42.969411 -0.121836 0.251688 0.147078 -11.342776 -4.130265  -1.030024
 43.780154 -0.147017 0.242519 0.144792 -10.943695 -4.788590  -1.423066
 44.590897 -0.171312 0.231888 0.141632 -10.490684 -5.401789  -1.797595
 45.401640 -0.194601 0.219896 0.137642 -9.990620 -5.966853  -2.151291
 46.212383 -0.216780 0.206650 0.132866 -9.450460 -6.481772  -2.482359
 47.023128 -0.237760 0.192260 0.127355 -8.877053 -6.945447  -2.789502
 47.833874 -0.257467 0.176841 0.121162 -8.276988 -7.357602  -3.071888
 48.644620 -0.275842 0.160508 0.114343 -7.656480 -7.718665  -3.329103
 49.455366 -0.292839 0.143372 0.106952 -7.021288 -8.029650  -3.561091
 50.266111 -0.308427 0.125546 0.099047 -6.376661 -8.292048  -3.768103
 51.076857 -0.322583 0.107138 0.090681 -5.727314 -8.507713  -3.950641
 51.887603 -0.335297 0.088251 0.081911 -5.077428 -8.678764  -4.109404
 52.698349 -0.346569 0.068984 0.072788 -4.430657 -8.807502  -4.245242
 53.509094 -0.356405 0.049431 0.063364 -3.790160 -8.896336  -4.359112
 54.319840 -0.364820 0.029681 0.053686 -3.158632 -8.947716  -4.452047
 55.130586 -0.371832 0.009818 0.043803 -2.538343 -8.964094  -4.525119
 55.941332 -0.377467 -0.010083 0.033757 -1.931181 -8.947875  -4.579418
 56.752077 -0.381754 -0.029947 0.023591 -1.338691 -8.901397  -4.616031
 57.562823 -0.384726 -0.049708 0.013343 -0.762118 -8.826901  -4.636028
 58.373569 -0.386418 -0.069304 0.003051 -0.202445 -8.726524  -4.640447
 59.184315 -0.386867 -0.088677 -0.007251 0.339572 -8.602285  -4.630289
 59.995060 -0.386113 -0.107774 -0.017530 0.863370 -8.456079  -4.606508
 60.805806 -0.384197 -0.126546 -0.027756 1.368551 -8.289683  -4.570011
 61.616552 -0.381159 -0.144949 -0.037902 1.854855 -8.104749  -4.521654
 62.427298 -0.377041 -0.162942 -0.047940 2.322134 -7.902810  -4.462241
 63.238043 -0.371886 -0.180486 -0.057846 2.770336 -7.685285  -4.392524
 64.048789 -0.365736 -0.197548 -0.067597 3.199484 -7.453486  -4.313206
 64.859535 -0.358633 -0.214094 -0.077173 3.609664 -7.208619  -4.224942
 65.670281 -0.350619 -0.230097 -0.086552 4.001005 -6.951797  -4.128337
 66.481026 -0.341737 -0.245530 -0.095717 4.373677 -6.684041  -4.023956
 67.291772 -0.332027 -0.260369 -0.104650 4.727872 -6.406289  -3.912318
 68.102518 -0.321532 -0.274591 -0.113335 5.063803 -6.119401  -3.793908
 68.913264 -0.310290 -0.288176 -0.121758 5.381690 -5.824169  -3.669168
 69.724009 -0.298343 -0.301106 -0.129904 5.681762 -5.521318  -3.538512
 70.534755 -0.285729 -0.313363 -0.137759 5.964246 -5.211514  -3.402317
 71.345501 -0.272488 -0.324933 -0.145312 6.229364 -4.895370  -3.260936
 72.156247 -0.258659 -0.335800 -0.152551 6.477331 -4.573451  -3.114690
 72.966993 -0.244280 -0.345953 -0.159466 6.708352 -4.246275  -2.963880
 73.777738 -0.229387 -0.355380 -0.166046 6.922616 -3.914324  -2.808780
 74.588484 -0.214019 -0.364070 -0.172281 7.120300 -3.578042  -2.649649
 75.399230 -0.198212 -0.372013 -0.178164 7.301560 -3.237844  -2.486722
 76.209976 -0.182002 -0.379201 -0.183684 7.466537 -2.894116  -2.320221
 77.020721 -0.165427 -0.385626 -0.188835 7.615349 -2.547220  -2.150352
 77.831467 -0.148520 -0.391281 -0.193609 7.748095 -2.197498  -1.977306
 78.642213 -0.131320 -0.396159 -0.197998 7.864851 -1.845273  -1.801266
 79.452959 -0.113860 -0.400256 -0.201997 7.965671 -1.490855  -1.622402
 80.263704 -0.096176 -0.403566 -0.205599 8.050586 -1.134541  -1.440876
 81.074450 -0.078304 -0.406084 -0.208798 8.119603 -0.776621  -1.256843
 81.885196 -0.060278 -0.407808 -0.211588 8.172702 -0.417378  -1.070452
 82.695942 -0.042135 -0.408735 -0.213964 8.209843 -0.057091  -0.881850
 83.506687 -0.023909 -0.408862 -0.215922 8.230956 0.303960  -0.691177
 84.317433 -0.005636 -0.408187 -0.217456 8.235948 0.665492  -0.498575
 85.128179 0.012648 -0.406709 -0.218563 8.224699 1.027219  -0.304185
 85.938925 0.030906 -0.404429 -0.219239 8.197064 1.388846  -0.108149
 86.749670 0.049104 -0.401346 -0.219479 8.152869 1.750066  0.089386
 87.560416 0.067203 -0.397461 -0.219280 8.091916 2.110559  0.288271
 88.371162 0.085167 -0.392775 -0.218640 8.013980 2.469986  0.488348
 89.181908 0.102958 -0.387292 -0.217556 7.918807 2.827990  0.689452
 89.992653 0.120538 -0.381014 -0.216025 7.806120 3.184187  0.891407
 90.803399 0.137868 -0.373945 -0.214047 7.675614 3.538165  1.094025
 91.614139 0.154908 -0.366090 -0.211618 7.526958 3.889481  1.297102
 92.424885 0.171617 -0.357455 -0.208738 7.359798 4.237653  1.500419
 93.235631 0.187956 -0.348048 -0.205407 7.173755 4.582158  1.703736
 94.046377 0.203882 -0.337875 -0.201625 6.968428 4.922427  1.906789
 94.857122 0.219352 -0.326948 -0.197392 6.743399 5.257838  2.109291
 95.667868 0.234322 -0.315275 -0.192709 6.498227 5.587710  2.310922
 96.478614 0.248748 -0.302871 -0.187579 6.232463 5.911299  2.511333
 97.289360 0.262584 -0.289747 -0.182004 5.945643 6.227789  2.710135
 98.100105 0.275784 -0.275922 -0.175987 5.637302 6.536285  2.906899
 98.910851 0.288298 -0.261411 -0.169534 5.306974 6.835806  3.101149
 99.721597 0.300080 -0.246236 -0.162650 4.954202 7.125279  3.292358
 100.532343 0.311078 -0.230418 -0.155341 4.578550 7.403526  3.479944
 101.343088 0.321243 -0.213982 -0.147615 4.179609 7.669264  3.663263
 102.153834 0.330521 -0.196956 -0.139483 3.757015 7.921085  3.841601
 102.964580 0.338862 -0.179371 -0.130954 3.310463 8.157460  4.014172
 103.775326 0.346211 -0.161262 -0.122043 2.839725 8.376725  4.180112
 104.586071 0.352515 -0.142665 -0.112763 2.344676 8.577075  4.338469
 105.396817 0.357721 -0.123624 -0.103132 1.825313 8.756561  4.488202
 106.207563 0.361773 -0.104185 -0.093168 1.281794 8.913086  4.628175
 107.018309 0.364618 -0.084398 -0.082893 0.714461 9.044405  4.757154
 107.829054 0.366204 -0.064319 -0.072332 0.123888 9.148132  4.873803
 108.639800 0.366479 -0.044010 -0.061512 -0.489084 9.221743  4.976689
 109.450546 0.365394 -0.023538 -0.050464 -1.123297 9.262597  5.064279
 110.261292 0.362900 -0.002975 -0.039222 -1.777225 9.267958  5.134955
 111.072037 0.358955 0.017600 -0.027822 -2.448928 9.235024  5.187017
 111.882783 0.353518 0.038102 -0.016307 -3.135992 9.160973  5.218709
 112.693529 0.346556 0.058439 -0.004721 -3.835484 9.043019  5.228239
 113.504275 0.338041 0.078515 0.006885 -4.543901 8.878480  5.213809
 114.315020 0.327954 0.098225 0.018460 -5.257136 8.664860  5.173662
 115.125766 0.316283 0.117461 0.029946 -5.970450 8.399950  5.106125
 115.936512 0.303029 0.136109 0.041281 -6.678466 8.081937  5.009673
 116.747258 0.288202 0.154051 0.052403 -7.375192 7.709522  4.882990
 117.558003 0.271829 0.171166 0.063243 -8.054061 7.282051  4.725046
 118.368749 0.253949 0.187332 0.073733 -8.708022 6.799641  4.535173
 119.179495 0.234618 0.202427 0.083801 -9.329656 6.263298  4.313138
 119.990241 0.213906 0.216332 0.093376 -9.911341 5.675016  4.059216
 120.800986 0.191903 0.228930 0.102387 -10.445448 5.037853  3.774250
 121.611732 0.168714 0.240114 0.110766 -10.924573 4.355961  3.459689
 122.422478 0.144461 0.249784 0.118447 -11.341783 3.634572  3.117609
 123.233224 0.119282 0.257853 0.125368 -11.690881 2.879927  2.750702
 124.043969 0.093329 0.264247 0.131474 -11.966640 2.099155  2.362234
 124.854715 0.066763 0.268907 0.136718 -12.165027 1.300089  1.955970
 125.665461 0.039756 0.271793 0.141061 -12.283369 0.491051  1.536079
 126.476207 0.012487 0.272883 0.144471 -12.320456 -0.319411  1.107001
 127.286952 -0.014864 0.272174 0.146928 -12.276582 -1.122782  0.673315
 128.097698 -0.042118 0.269681 0.148423 -12.153504 -1.910845  0.239593
 128.908444 -0.069099 0.265439 0.148955 -11.954340 -2.675920  -0.189739
 129.719190 -0.095638 0.259499 0.148534 -11.683404 -3.411065  -0.610527
 130.529935 -0.121575 0.251926 0.147178 -11.346000 -4.110233  -1.018990
 131.340681 -0.146763 0.242801 0.144916 -10.948188 -4.768364  -1.411796
 132.151427 -0.171068 0.232216 0.141782 -10.496550 -5.381439  -1.786116
 132.962173 -0.194370 0.220269 0.137817 -9.997951 -5.946474  -2.139644
 133.772918 -0.216566 0.207068 0.133067 -9.459330 -6.461472  -2.470596
 134.583664 -0.237565 0.192723 0.127582 -8.887515 -6.925354  -2.777683
 135.394410 -0.257296 0.177349 0.121416 -8.289073 -7.337848  -3.060083
 136.205156 -0.275697 0.161059 0.114622 -7.670196 -7.699388  -3.317384
 137.015901 -0.292725 0.143966 0.107258 -7.036619 -8.010990  -3.549533
 137.826647 -0.308346 0.126182 0.099378 -6.393568 -8.274140  -3.756784
 138.637393 -0.322540 0.107813 0.091038 -5.745741 -8.490685  -3.939634
 139.448139 -0.335296 0.088964 0.082292 -5.097297 -8.662737  -4.098782
 140.258884 -0.346612 0.069733 0.073192 -4.451877 -8.792585  -4.235072
 141.069630 -0.356495 0.050213 0.063791 -3.812628 -8.882624  -4.349458
 141.880376 -0.364959 0.030494 0.054135 -3.182234 -8.935296  -4.442965
 142.691122 -0.372024 0.010657 0.044271 -2.562958 -8.953037  -4.516660
 143.501867 -0.377713 -0.009218 0.034244 -1.956682 -8.938240  -4.571627
 144.312613 -0.382057 -0.029061 0.024095 -1.364947 -8.893230  -4.608946
 145.123359 -0.385087 -0.048804 0.013864 -0.788999 -8.820237  -4.629681
 145.934105 -0.386839 -0.068385 0.003586 -0.229819 -8.721385  -4.634864
 146.744850 -0.387349 -0.087747 -0.006704 0.311835 -8.598684  -4.625489
 147.555596 -0.386657 -0.106836 -0.016972 0.835398 -8.454020  -4.602507
 148.366342 -0.384802 -0.125604 -0.027190 1.340468 -8.289160  -4.566819
 149.177088 -0.381826 -0.144006 -0.037328 1.826781 -8.105747  -4.519276
 149.987833 -0.377771 -0.162000 -0.047361 2.294186 -7.905309  -4.460678
 150.798579 -0.372678 -0.179550 -0.057264 2.742625 -7.689258  -4.391773
 151.609325 -0.366589 -0.196620 -0.067014 3.172117 -7.458900  -4.313261
 152.420071 -0.359547 -0.213179 -0.076589 3.582742 -7.215437  -4.225791
 153.230816 -0.351593 -0.229197 -0.085970 3.974625 -6.959975  -4.129970
 154.041562 -0.342770 -0.244648 -0.095139 4.347929 -6.693533  -4.026356
 154.852308 -0.333117 -0.259508 -0.104077 4.702843 -6.417046  -3.915469
 155.663054 -0.322677 -0.273754 -0.112770 5.039571 -6.131370  -3.797788
 156.473800 -0.311489 -0.287366 -0.121201 5.358333 -5.837295  -3.673758
 157.284545 -0.299594 -0.300324 -0.129356 5.659350 -5.535544  -3.543787
 158.095291 -0.287030 -0.312613 -0.137224 5.942845 -5.226781  -3.408253
 158.906037 -0.273837 -0.324217 -0.144790 6.209036 -4.911617  -3.267506
 159.716783 -0.260053 -0.335120 -0.152044 6.458133 -4.590615  -3.121868
 160.527528 -0.245716 -0.345312 -0.158974 6.690335 -4.264294  -2.971637
 161.338274 -0.230863 -0.354778 -0.165571 6.905830 -3.933133  -2.817087
 162.149020 -0.215532 -0.363510 -0.171825 7.104788 -3.597576  -2.658475
 162.959766 -0.199760 -0.371497 -0.177727 7.287364 -3.258037  -2.496036
 163.770511 -0.183582 -0.378729 -0.183268 7.453692 -2.914901  -2.329992
 164.581257 -0.167034 -0.385200 -0.188441 7.603889 -2.568530  -2.160546
 165.392003 -0.150154 -0.390903 -0.193237 7.738049 -2.219265  -1.987892
 166.202749 -0.132975 -0.395829 -0.197650 7.856245 -1.867429  -1.812209
 167.013494 -0.115534 -0.399975 -0.201674 7.958528 -1.513331  -1.633667
 167.824240 -0.097867 -0.403335 -0.205300 8.044924 -1.157268  -1.452429
 168.634986 -0.080007 -0.405904 -0.208525 8.115437 -0.799530  -1.268648
 169.445732 -0.061991 -0.407679 -0.211341 8.170046 -0.440399  -1.082474
 170.256477 -0.043853 -0.408656 -0.213744 8.208704 -0.080155  -0.894052
 171.067223 -0.025630 -0.408834 -0.215729 8.231340 0.280923  -0.703522
 171.877969 -0.007356 -0.408211 -0.217291 8.237856 0.642553  -0.511026
 172.688715 0.010932 -0.406784 -0.218425 8.228131 1.004448  -0.316705
 173.499460 0.029198 -0.404554 -0.219128 8.202014 1.366313  -0.120699
 174.310206 0.047407 -0.401521 -0.219396 8.159328 1.727842  0.076845
 175.120952 0.065521 -0.397685 -0.219226 8.099873 2.088715  0.275778
 175.931698 0.083502 -0.393048 -0.218613 8.023418 2.448594  0.475942
 176.742443 0.101314 -0.387613 -0.217557 7.929706 2.807119  0.677173
 177.553189 0.118918 -0.381381 -0.216054 7.818456 3.163908  0.879295
 178.363935 0.136275 -0.374357 -0.214102 7.689358 3.518548  1.082120
 179.174681 0.153346 -0.366546 -0.211699 7.542078 3.870596  1.285446
 179.985426 0.170089 -0.357953 -0.208846 7.376256 4.219569  1.489053
 180.796172 0.186464 -0.348586 -0.205540 7.191509 4.564944  1.692700
 181.606918 0.202429 -0.338451 -0.201782 6.987431 4.906151  1.896125
 182.417664 0.217941 -0.327560 -0.197573 6.763598 5.242567  2.099039
 183.228409 0.232957 -0.315921 -0.192913 6.519565 5.573509  2.301124
 184.039144 0.247430 -0.303548 -0.187804 6.254875 5.898231  2.502028
 184.849879 0.261316 -0.290454 -0.182250 5.969061 6.215915  2.701364
 185.660614 0.274567 -0.276655 -0.176253 5.661649 6.525664  2.898701
 186.471349 0.287136 -0.262168 -0.169818 5.332169 6.826494  3.093562
 187.282084 0.298973 -0.247013 -0.162950 4.980156 7.117327  3.285419
 188.092819 0.310029 -0.231212 -0.155656 4.605168 7.396984  3.473689
 188.903553 0.320253 -0.214791 -0.147945 4.206790 7.664173  3.657725
 189.714288 0.329592 -0.197777 -0.139825 3.784651 7.917484  3.836811
 190.525023 0.337994 -0.180200 -0.131307 3.338439 8.155380  4.010160
 191.335758 0.345405 -0.162095 -0.122404 2.867921 8.376189  4.176901
 192.146493 0.351772 -0.143500 -0.113132 2.372965 8.578098  4.336082
 192.957228 0.357040 -0.124456 -0.103505 1.853565 8.759149  4.486655
 193.767963 0.361155 -0.105011 -0.093545 1.309871 8.917236  4.627481
 194.578697 0.364063 -0.085215 -0.083272 0.742226 9.050103  4.757318
 195.389432 0.365711 -0.065124 -0.072711 0.151198 9.155349  4.874827
 196.200167 0.366046 -0.044799 -0.061889 -0.462369 9.230441  4.978565
 197.010902 0.365020 -0.024307 -0.050836 -1.097316 9.272723  5.066994
 197.821637 0.362584 -0.003722 -0.039588 -1.752116 9.279443  5.138486
 198.632372 0.358694 0.016879 -0.028180 -2.424820 9.247789  5.191336
 199.443107 0.353311 0.037409 -0.016655 -3.113006 9.174923  5.223777
 200.253842 0.346400 0.057777 -0.005059 -3.813728 9.058047  5.234010
 201.064576 0.337934 0.077886 0.006561 -4.523470 8.894468  5.220231
 201.875311 0.327891 0.097632 0.018150 -5.238104 8.681681  5.180674
 202.686046 0.316263 0.116905 0.029651 -5.952871 8.417471  5.113661
 203.496781 0.303048 0.135592 0.041003 -6.662373 8.100020  5.017664
 204.307516 0.288257 0.153574 0.052142 -7.360591 7.728032  4.891364
 205.118251 0.271917 0.170730 0.063001 -8.040935 7.300860  4.733733
 205.928986 0.254066 0.186938 0.073510 -8.696328 6.818631  4.544104
 206.739720 0.234760 0.202075 0.083598 -9.319331 6.282365  4.322253
 207.550455 0.214071 0.216022 0.093193 -9.902303 5.694079  4.068462
 208.361190 0.192088 0.228663 0.102225 -10.437603 5.056853  3.783586
 209.171925 0.168916 0.239889 0.110625 -10.917821 4.374864  3.469086
 209.982660 0.144679 0.249602 0.118326 -11.336027 3.653370  3.127054
 210.793395 0.119513 0.257712 0.125268 -11.686030 2.898638  2.760194
 211.604130 0.093570 0.264147 0.131396 -11.962624 2.117817  2.371786
 212.414865 0.067013 0.268849 0.136661 -12.161796 1.318756  1.965606
 213.225599 0.040014 0.271776 0.141025 -12.280901 0.509785  1.545830
 214.036334 0.012750 0.272908 0.144457 -12.318759 -0.300545  1.116902
 214.847069 -0.014598 0.272241 0.146936 -12.275692 -1.103725  0.683402
 215.657804 -0.041850 0.269790 0.148454 -12.153485 -1.891552  0.249897
 216.468539 -0.068830 0.265591 0.149008 -11.955277 -2.656364  -0.179196
 217.279274 -0.095371 0.259694 0.148610 -11.685397 -3.391243  -0.599732
 218.090009 -0.121313 0.252165 0.147279 -11.349157 -4.090165  -1.007942
 218.900744 -0.146508 0.243085 0.145041 -10.952620 -4.748098  -1.400511
 219.711478 -0.170823 0.232545 0.141932 -10.502359 -5.361047  -1.774621
 220.522213 -0.194138 0.220643 0.137993 -10.005228 -5.926050  -2.127980
 221.332948 -0.216350 0.207487 0.133269 -9.468150 -6.441128  -2.458814
 222.143683 -0.237369 0.193188 0.127810 -8.897930 -6.905214  -2.765845
 222.954418 -0.257122 0.177858 0.121670 -8.301115 -7.318047  -3.048257
 223.765153 -0.275551 0.161612 0.114903 -7.683871 -7.680065  -3.305643
 224.575888 -0.292609 0.144563 0.107564 -7.051911 -7.992283  -3.537954
 225.386622 -0.308264 0.126820 0.099710 -6.410439 -8.256184  -3.745442
 226.197357 -0.322495 0.108491 0.091395 -5.764132 -8.473608  -3.928605
 227.008092 -0.335292 0.089680 0.082673 -5.117132 -8.646660  -4.088137
 227.818827 -0.346652 0.070484 0.073598 -4.473066 -8.777616  -4.224879
 228.629562 -0.356582 0.050998 0.064219 -3.835066 -8.868862  -4.339780
 229.440297 -0.365096 0.031309 0.054584 -3.205807 -8.922824  -4.433858
 230.251032 -0.372213 0.011500 0.044741 -2.587545 -8.941926  -4.508175
 231.061767 -0.377957 -0.008351 0.034733 -1.982156 -8.928550  -4.563809
 231.872501 -0.382357 -0.028172 0.024601 -1.391180 -8.885006  -4.601833
 232.683236 -0.385446 -0.047897 0.014385 -0.815859 -8.813514  -4.623304
 233.493971 -0.387257 -0.067463 0.004122 -0.257174 -8.716187  -4.629250
 234.304706 -0.387828 -0.086813 -0.006155 0.284114 -8.595023  -4.620659
 235.115441 -0.387197 -0.105894 -0.016413 0.807438 -8.451900  -4.598475
 235.926176 -0.385405 -0.124657 -0.026622 1.312394 -8.288574  -4.563595
 236.736911 -0.382491 -0.143058 -0.036753 1.798713 -8.106683  -4.516866
 237.547645 -0.378498 -0.161055 -0.046781 2.266240 -7.907746  -4.459082
 238.358380 -0.373467 -0.178610 -0.056680 2.714913 -7.693169  -4.390988
 239.169115 -0.367440 -0.195689 -0.066428 3.144745 -7.464252  -4.313281
 239.979850 -0.360459 -0.212259 -0.076003 3.555811 -7.222192  -4.226607
 240.790585 -0.352565 -0.228293 -0.085386 3.948231 -6.968092  -4.131568
 241.601320 -0.343800 -0.243762 -0.094558 4.322164 -6.702965  -4.028722
 242.412055 -0.334204 -0.258642 -0.103502 4.677791 -6.427743  -3.918586
 243.222790 -0.323820 -0.272912 -0.112201 5.015315 -6.143282  -3.801636
 244.033524 -0.312686 -0.286550 -0.120641 5.334947 -5.850366  -3.678315
 244.844259 -0.300842 -0.299538 -0.128807 5.636905 -5.549717  -3.549030
 245.654994 -0.288328 -0.311858 -0.136686 5.921408 -5.241997  -3.414158
 246.465729 -0.275183 -0.323495 -0.144265 6.188667 -4.927815  -3.274047
 247.276464 -0.261444 -0.334435 -0.151533 6.438890 -4.607734  -3.129017
 248.087199 -0.247149 -0.344664 -0.158480 6.672271 -4.282270  -2.979365
 248.897934 -0.232337 -0.354171 -0.165094 6.888994 -3.951902  -2.825367
 249.708668 -0.217043 -0.362944 -0.171366 7.089224 -3.617073  -2.667275
 250.519403 -0.201305 -0.370974 -0.177288 7.273112 -3.278196  -2.505327
 251.330138 -0.185159 -0.378252 -0.182850 7.440790 -2.935656  -2.339740
 252.140873 -0.168641 -0.384769 -0.188044 7.592369 -2.589813  -2.170720
 252.951608 -0.151785 -0.390518 -0.192863 7.727942 -2.241008  -1.998458
 253.762343 -0.134629 -0.395493 -0.197299 7.847576 -1.889565  -1.823134
 254.573078 -0.117208 -0.399688 -0.201347 7.951320 -1.535791  -1.644917
 255.383813 -0.099556 -0.403098 -0.204998 8.039196 -1.179984  -1.463969
 256.194547 -0.081709 -0.405717 -0.208248 8.111204 -0.822432  -1.280443
 257.005282 -0.063702 -0.407543 -0.211091 8.167321 -0.463418  -1.094487
 257.816017 -0.045571 -0.408572 -0.213521 8.207496 -0.103220  -0.906247
 258.626752 -0.027350 -0.408801 -0.215533 8.231655 0.257881  -0.715863
 259.437487 -0.009076 -0.408228 -0.217122 8.239696 0.619604  -0.523476
 260.248222 0.009217 -0.406853 -0.218284 8.231495 0.981663  -0.329224
 261.058957 0.027490 -0.404674 -0.219015 8.206896 1.343763  -0.133251
 261.869692 0.045710 -0.401690 -0.219311 8.165722 1.705598  0.064300
 262.680426 0.063838 -0.397904 -0.219168 8.107765 2.066847  0.263278
 263.491161 0.081837 -0.393316 -0.218583 8.032792 2.427172  0.463527
 264.301896 0.099670 -0.387927 -0.217554 7.940544 2.786215  0.664883
 265.112631 0.117298 -0.381742 -0.216078 7.830733 3.143592  0.867170
 265.923366 0.134682 -0.374763 -0.214153 7.703046 3.498892  1.070201
 266.734101 0.151783 -0.366996 -0.211777 7.557144 3.851668  1.273774
 267.544836 0.168560 -0.358445 -0.208950 7.392663 4.201440  1.477668
 268.355570 0.184971 -0.349118 -0.205669 7.209215 4.547683  1.681643
 269.166305 0.200976 -0.339022 -0.201936 7.006389 4.889825  1.885438
 269.977040 0.216530 -0.328166 -0.197750 6.783755 5.227243  2.088763
 270.787775 0.231590 -0.316562 -0.193113 6.540864 5.559253  2.291300
 271.598510 0.246111 -0.304220 -0.188027 6.277253 5.885106  2.492697
 272.409245 0.260046 -0.291155 -0.182493 5.992447 6.203983  2.692565
 273.219980 0.273349 -0.277383 -0.176515 5.685969 6.514984  2.890474
 274.030715 0.285972 -0.262919 -0.170098 5.357339 6.817122  3.085945
 274.841449 0.297865 -0.247785 -0.163248 5.006090 7.109315  3.278450
 275.652184 0.308979 -0.232003 -0.155970 4.631770 7.390381  3.467404
 276.462919 0.319261 -0.215596 -0.148272 4.233958 7.659021  3.652156
 277.273654 0.328661 -0.198593 -0.140164 3.812277 7.913822  3.831990
 278.084389 0.337124 -0.181024 -0.131657 3.366409 8.153238  4.006115
 278.895124 0.344598 -0.162924 -0.122763 2.896114 8.375591  4.173658
 279.705859 0.351027 -0.144330 -0.113498 2.401254 8.579060  4.333662
 280.516593 0.356358 -0.125285 -0.103877 1.881819 8.761678  4.485076
 281.327328 0.360535 -0.105834 -0.093920 1.337954 8.921328  4.626754
 282.138063 0.363506 -0.086028 -0.083649 0.769999 9.055742  4.757451
 282.948798 0.365215 -0.065925 -0.073087 0.178520 9.162510  4.875818
 283.759533 0.365611 -0.045584 -0.062263 -0.435641 9.239083  4.980409
 284.570268 0.364644 -0.025073 -0.051207 -1.071321 9.282793  5.069677
 285.381003 0.362266 -0.004465 -0.039952 -1.726991 9.290875  5.141987
 286.191738 0.358432 0.016160 -0.028537 -2.400694 9.260500  5.195624
 287.002472 0.353102 0.036719 -0.017002 -3.090000 9.188820  5.228815
 287.813207 0.346243 0.057118 -0.005394 -3.791951 9.073023  5.239752
 288.623942 0.337824 0.077260 0.006238 -4.503015 8.910404  5.226622
 289.434677 0.327828 0.097041 0.017841 -5.219046 8.698450  5.187655
 290.245412 0.316241 0.116352 0.029357 -5.935265 8.434938  5.121166
 291.056147 0.303065 0.135077 0.040726 -6.646249 8.118050  5.025623
 291.866882 0.288311 0.153099 0.051883 -7.345956 7.746491  4.899706
 292.677617 0.272002 0.170296 0.062761 -8.027770 7.319618  4.742387
 293.488351 0.254181 0.186546 0.073289 -8.684590 6.837570  4.553004
 294.299086 0.234901 0.201725 0.083396 -9.308957 6.301385  4.331336
 295.109821 0.214235 0.215714 0.093012 -9.893210 5.713097  4.077678
 295.920556 0.192272 0.228398 0.102064 -10.429698 5.075811  3.792893
 296.731291 0.169118 0.239666 0.110485 -10.911003 4.393730  3.478457
 297.542026 0.144896 0.249420 0.118207 -11.330199 3.672137  3.136474
 298.352761 0.119743 0.257572 0.125170 -11.681104 2.917325  2.769665
 299.163495 0.093811 0.264049 0.131318 -11.958528 2.136461  2.381321
 299.974230 0.067263 0.268791 0.136605 -12.158484 1.337413  1.975229
 300.784965 0.040271 0.271761 0.140990 -12.278350 0.528517  1.555572
 301.595700 0.013013 0.272934 0.144443 -12.316979 -0.281673  1.126799
 302.406435 -0.014331 0.272309 0.146945 -12.274721 -1.084655  0.693488
 303.217170 -0.041580 0.269901 0.148484 -12.153387 -1.872238  0.260203
 304.027905 -0.068561 0.265744 0.149062 -11.956138 -2.636781  -0.168646
 304.838640 -0.095104 0.259891 0.148688 -11.687318 -3.371388  -0.588927
 305.649374 -0.121049 0.252406 0.147380 -11.352247 -4.070060  -0.996883
 306.460109 -0.146251 0.243371 0.145167 -10.956989 -4.727793  -1.389211
 307.270844 -0.170576 0.232875 0.142083 -10.508110 -5.340614  -1.763110
 308.081579 -0.193904 0.221019 0.138169 -10.012452 -5.905582  -2.116298
 308.892314 -0.216132 0.207908 0.133471 -9.476920 -6.420739  -2.447013
 309.703049 -0.237170 0.193654 0.128038 -8.908300 -6.885028  -2.753987
 310.513784 -0.256947 0.178369 0.121925 -8.313113 -7.298200  -3.036411
 311.324518 -0.275402 0.162167 0.115184 -7.697505 -7.660694  -3.293882
 312.135253 -0.292490 0.145161 0.107871 -7.067164 -7.973527  -3.526354
 312.945988 -0.308179 0.127460 0.100043 -6.427273 -8.238179  -3.734079
 313.756723 -0.322448 0.109171 0.091753 -5.782487 -8.456483  -3.917554
 314.567458 -0.335285 0.090397 0.083056 -5.136934 -8.630533  -4.077470
 315.378193 -0.346689 0.071238 0.074004 -4.494222 -8.762597  -4.214663
 316.188928 -0.356666 0.051785 0.064648 -3.857472 -8.855047  -4.330077
 316.999663 -0.365230 0.032126 0.055035 -3.229351 -8.910298  -4.424726
 317.810397 -0.372399 0.012346 0.045212 -2.612105 -8.930761  -4.499665
 318.621132 -0.378198 -0.007481 0.035223 -2.007605 -8.918804  -4.555964
 319.431867 -0.382655 -0.027280 0.025109 -1.417389 -8.876726  -4.594692
 320.242602 -0.385801 -0.046987 0.014908 -0.842697 -8.806734  -4.616899
 321.053337 -0.387672 -0.066538 0.004659 -0.284511 -8.710930  -4.623607
 321.864072 -0.388304 -0.085876 -0.005606 0.256408 -8.591302  -4.615799
 322.674807 -0.387735 -0.104949 -0.015853 0.779491 -8.449718  -4.594412
 323.485541 -0.386004 -0.123707 -0.026052 1.284329 -8.287927  -4.560339
 324.296276 -0.383153 -0.142106 -0.036176 1.770651 -8.107557  -4.514422
 325.107011 -0.379222 -0.160105 -0.046198 2.238296 -7.910120  -4.457452
 325.917746 -0.374253 -0.177666 -0.056094 2.687199 -7.697017  -4.390170
 326.728481 -0.368287 -0.194753 -0.065840 3.117367 -7.469541  -4.313267
 327.539216 -0.361367 -0.211335 -0.075415 3.528870 -7.228885  -4.227389
 328.349951 -0.353533 -0.227383 -0.084800 3.921824 -6.976147  -4.133133
 329.160686 -0.344826 -0.242870 -0.093976 4.296381 -6.712337  -4.031055
 329.971420 -0.335288 -0.257772 -0.102925 4.652718 -6.438382  -3.921669
 330.782155 -0.324959 -0.272065 -0.111631 4.991032 -6.155136  -3.805450
 331.592890 -0.313879 -0.285729 -0.120079 5.311531 -5.863381  -3.682839
 332.403625 -0.302088 -0.298746 -0.128255 5.614427 -5.563835  -3.554241
 333.214360 -0.289624 -0.311098 -0.136145 5.899933 -5.257160  -3.420031
 334.025095 -0.276526 -0.322769 -0.143738 6.168258 -4.943964  -3.280556
 334.835830 -0.262832 -0.333744 -0.151020 6.419603 -4.624806  -3.136136
 335.646565 -0.248581 -0.344011 -0.157983 6.654160 -4.300202  -2.987066
 336.457299 -0.233809 -0.353558 -0.164614 6.872107 -3.970630  -2.833620
 337.268034 -0.218552 -0.362373 -0.170905 7.073606 -3.636532  -2.676050
 338.078769 -0.202849 -0.370446 -0.176845 7.258804 -3.298321  -2.514593
 338.889504 -0.186734 -0.377768 -0.182428 7.427829 -2.956380  -2.349466
 339.700239 -0.170245 -0.384331 -0.187644 7.580789 -2.611069  -2.180874
 340.510974 -0.153415 -0.390128 -0.192485 7.717772 -2.262729  -2.009006
 341.321709 -0.136282 -0.395151 -0.196945 7.838843 -1.911682  -1.834043
 342.132443 -0.118880 -0.399395 -0.201017 7.944046 -1.558236  -1.656152
 342.943178 -0.101244 -0.402854 -0.204693 8.033401 -1.202689  -1.475496
 343.753913 -0.083410 -0.405524 -0.207969 8.106904 -0.845327  -1.292226
 344.564648 -0.065412 -0.407401 -0.210838 8.164528 -0.486433  -1.106492
 345.375383 -0.047287 -0.408481 -0.213294 8.206220 -0.126287  -0.918436
 346.186118 -0.029069 -0.408761 -0.215333 8.231901 0.234834  -0.728200
 346.996853 -0.010795 -0.408240 -0.216950 8.241468 0.596647  -0.535923
 347.807588 0.007502 -0.406915 -0.218139 8.234791 0.958866  -0.341744
 348.618322 0.025783 -0.404787 -0.218898 8.211712 1.321196  -0.145805
 349.429057 0.044013 -0.401853 -0.219222 8.172050 1.683332  0.051750
 350.239792 0.062155 -0.398116 -0.219107 8.115593 2.044953  0.250771
 351.050527 0.080171 -0.393577 -0.218550 8.042104 2.405722  0.451104
 351.861262 0.098025 -0.388236 -0.217549 7.951320 2.765280  0.652582
 352.671997 0.115677 -0.382097 -0.216100 7.842950 3.123242  0.855033
 353.482732 0.133088 -0.375163 -0.214202 7.716676 3.479197  1.058267
 354.293466 0.150219 -0.367440 -0.211853 7.572155 3.832699  1.262084
 355.104201 0.167029 -0.358931 -0.209051 7.409018 4.183267  1.466264
 355.914936 0.183477 -0.349644 -0.205796 7.226872 4.530374  1.670566
 356.725671 0.199521 -0.339587 -0.202087 7.025301 4.873449  1.874729
 357.536406 0.215117 -0.328768 -0.197925 6.803870 5.211867  2.078464
 358.347141 0.230222 -0.317197 -0.193311 6.562124 5.544942  2.281451
 359.157876 0.244790 -0.304888 -0.188246 6.299595 5.871925  2.483339
 359.968611 0.258775 -0.291852 -0.182733 6.015802 6.191993  2.683739
 360.779345 0.272130 -0.278106 -0.176775 5.710260 6.504245  2.882218
 361.590080 0.284807 -0.263666 -0.170377 5.382485 6.807689  3.078299
 362.400815 0.296756 -0.248553 -0.163543 5.032003 7.101243  3.271451
 363.211550 0.307927 -0.232788 -0.156280 4.658354 7.383716  3.461087
 364.022285 0.318268 -0.216397 -0.148597 4.261113 7.653808  3.646555
 364.833020 0.327728 -0.199405 -0.140501 3.839893 7.910098  3.827137
 365.643755 0.336253 -0.181845 -0.132005 3.394372 8.151034  4.002038