
 0.000000 0.081724 -0.657309 -0.300896 7.284439 0.899602  -0.056262
 0.810744 0.097895 -0.655312 -0.301021 7.262180 1.048607  0.012184
 1.621488 0.114017 -0.652984 -0.300994 7.236280 1.196933  0.080555
 2.432232 0.130082 -0.650327 -0.300815 7.206761 1.344510  0.148818
 3.242976 0.146081 -0.647342 -0.300485 7.173644 1.491265  0.216940
 4.053720 0.162006 -0.644031 -0.300003 7.136952 1.637129  0.284886
 4.864464 0.177851 -0.640397 -0.299371 7.096710 1.782032  0.352625
 5.675208 0.193605 -0.636441 -0.298588 7.052944 1.925904  0.420123
 6.485952 0.209263 -0.632165 -0.297655 7.005682 2.068678  0.487348
 7.296695 0.224815 -0.627573 -0.296574 6.954954 2.210285  0.554268
 8.107439 0.240255 -0.622666 -0.295343 6.900791 2.350660  0.620850
 8.918183 0.255575 -0.617448 -0.293965 6.843224 2.489736  0.687064
 9.728927 0.270767 -0.611920 -0.292439 6.782288 2.627448  0.752877
 10.539670 0.285824 -0.606088 -0.290768 6.718018 2.763732  0.818259
 11.350414 0.300738 -0.599952 -0.288952 6.650451 2.898524  0.883178
 12.161158 0.315502 -0.593517 -0.286991 6.579624 3.031763  0.947604
 12.971902 0.330109 -0.586787 -0.284887 6.505577 3.163385  1.011508
 13.782646 0.344551 -0.579764 -0.282642 6.428351 3.293332  1.074858
 14.593391 0.358822 -0.572453 -0.280255 6.347986 3.421542  1.137626
 15.404135 0.372914 -0.564857 -0.277730 6.264528 3.547958  1.199782
 16.214880 0.386822 -0.556981 -0.275066 6.178019 3.672521  1.261298
 17.025624 0.400537 -0.548828 -0.272266 6.088506 3.795175  1.322145
 17.836368 0.414053 -0.540402 -0.269331 5.996035 3.915863  1.382295
 18.647113 0.427364 -0.531709 -0.266263 5.900655 4.034531  1.441720
 19.457857 0.440464 -0.522752 -0.263062 5.802414 4.151126  1.500393
 20.268602 0.453345 -0.513537 -0.259731 5.701362 4.265594  1.558288
 21.079346 0.466002 -0.504067 -0.256272 5.597552 4.377884  1.615377
 21.890090 0.478429 -0.494348 -0.252685 5.491036 4.487945  1.671634
 22.700835 0.490619 -0.484385 -0.248974 5.381866 4.595727  1.727035
 23.511578 0.502567 -0.474183 -0.245140 5.270098 4.701183  1.781553
 24.322321 0.514266 -0.463746 -0.241185 5.155786 4.804265  1.835164
 25.133064 0.525712 -0.453081 -0.237111 5.038988 4.904927  1.887843
 25.943807 0.536899 -0.442192 -0.232920 4.919760 5.003123  1.939567
 26.754550 0.547821 -0.431085 -0.228614 4.798162 5.098810  1.990312
 27.565293 0.558473 -0.419765 -0.224196 4.674252 5.191945  2.040055
 28.376036 0.568849 -0.408239 -0.219667 4.548090 5.282486  2.088774
 29.186779 0.578946 -0.396512 -0.215030 4.419737 5.370393  2.136446
 29.997522 0.588758 -0.384590 -0.210287 4.289255 5.455626  2.183050
 30.808265 0.598280 -0.372478 -0.205441 4.156707 5.538148  2.228565
 31.619008 0.607508 -0.360184 -0.200493 4.022157 5.617922  2.272971
 32.429751 0.616437 -0.347712 -0.195447 3.885667 5.694911  2.316246
 33.240494 0.625063 -0.335069 -0.190305 3.747303 5.769082  2.358372
 34.051237 0.633382 -0.322262 -0.185070 3.607131 5.840400  2.399329
 34.861980 0.641390 -0.309296 -0.179743 3.465217 5.908835  2.439099
 35.672723 0.649083 -0.296179 -0.174328 3.321628 5.974355  2.477664
 36.483466 0.656457 -0.282915 -0.168828 3.176432 6.036931  2.515005
 37.294209 0.663509 -0.269513 -0.163245 3.029696 6.096535  2.551107
 38.104952 0.670235 -0.255979 -0.157581 2.881490 6.153138  2.585952
 38.915695 0.676631 -0.242319 -0.151840 2.731883 6.206716  2.619525
 39.726438 0.682696 -0.228540 -0.146025 2.580945 6.257244  2.651810
 40.537181 0.688426 -0.214649 -0.140138 2.428747 6.304699  2.682792
 41.347925 0.693818 -0.200653 -0.134182 2.275359 6.349059  2.712456
 42.158668 0.698869 -0.186558 -0.128161 2.120854 6.390303  2.740790
 42.969411 0.703577 -0.172371 -0.122076 1.965302 6.428412  2.767779
 43.780154 0.707940 -0.158100 -0.115931 1.808777 6.463368  2.793412
 44.590897 0.711956 -0.143752 -0.109730 1.651352 6.495154  2.817675
 45.401640 0.715622 -0.129332 -0.103475 1.493100 6.523754  2.840557
 46.212383 0.718937 -0.114850 -0.097169 1.334094 6.549156  2.862048
 47.023128 0.721898 -0.100311 -0.090815 1.174408 6.571344  2.882136
 47.833874 0.724505 -0.085722 -0.084417 1.014117 6.590310  2.900813
 48.644620 0.726757 -0.071092 -0.077977 0.853296 6.606041  2.918068
 49.455366 0.728651 -0.056426 -0.071499 0.692018 6.618531  2.933894
 50.266111 0.730187 -0.041733 -0.064986 0.530360 6.627770  2.948281
 51.076857 0.731365 -0.027019 -0.058440 0.368398 6.633754  2.961223
 51.887603 0.732183 -0.012293 -0.051867 0.206205 6.636477  2.972712
 52.698349 0.732640 0.002440 -0.045267 0.043859 6.635936  2.982743
 53.509094 0.732738 0.017172 -0.038645 -0.118564 6.632129  2.991309
 54.319840 0.732475 0.031896 -0.032005 -0.280990 6.625057  2.998406
 55.130586 0.731851 0.046603 -0.025348 -0.443340 6.614718  3.004029
 55.941332 0.730866 0.061288 -0.018679 -0.605540 6.601117  3.008175
 56.752077 0.729522 0.075942 -0.012001 -0.767512 6.584256  3.010839
 57.562823 0.727818 0.090559 -0.005317 -0.929180 6.564140  3.012020
 58.373569 0.725756 0.105132 0.001370 -1.090467 6.540776  3.011716
 59.184315 0.723335 0.119652 0.008056 -1.251298 6.514172  3.009925
 59.995060 0.720557 0.134114 0.014738 -1.411596 6.484336  3.006646
 60.805806 0.717423 0.148509 0.021412 -1.571284 6.451281  3.001880
 61.616552 0.713935 0.162831 0.028077 -1.730287 6.415016  2.995627
 62.427298 0.710094 0.177072 0.034727 -1.888527 6.375556  2.987889
 63.238043 0.705901 0.191226 0.041360 -2.045930 6.332917  2.978666
 64.048789 0.701359 0.205285 0.047973 -2.202418 6.287113  2.967962
 64.859535 0.696470 0.219242 0.054562 -2.357918 6.238163  2.955780
 65.670281 0.691235 0.233091 0.061123 -2.512353 6.186086  2.942124
 66.481026 0.685658 0.246824 0.067655 -2.665648 6.130903  2.926999
 67.291772 0.679740 0.260435 0.074153 -2.817728 6.072635  2.910408
 68.102518 0.673485 0.273916 0.080614 -2.968519 6.011306  2.892359
 68.913264 0.666895 0.287261 0.087035 -3.117947 5.946941  2.872857
 69.724009 0.659973 0.300463 0.093413 -3.265937 5.879566  2.851911
 70.534755 0.652722 0.313516 0.099744 -3.412417 5.809209  2.829527
 71.345501 0.645147 0.326412 0.106025 -3.557314 5.735898  2.805714
 72.156247 0.637250 0.339146 0.112254 -3.700555 5.659665  2.780482
 72.966993 0.629034 0.351711 0.118427 -3.842068 5.580541  2.753839
 73.777738 0.620505 0.364099 0.124540 -3.981781 5.498560  2.725798
 74.588484 0.611665 0.376306 0.130592 -4.119625 5.413756  2.696368
 75.399230 0.602520 0.388325 0.136578 -4.255528 5.326167  2.665562
 76.209976 0.593072 0.400149 0.142495 -4.389421 5.235828  2.633392
 77.020721 0.583328 0.411772 0.148341 -4.521235 5.142780  2.599871
 77.831467 0.573291 0.423189 0.154113 -4.650902 5.047063  2.565014
 78.642213 0.562966 0.434394 0.159807 -4.778355 4.948719  2.528834
 79.452959 0.552358 0.445380 0.165421 -4.903526 4.847790  2.491348
 80.263704 0.541472 0.456142 0.170952 -5.026350 4.744322  2.452570
 81.074450 0.530314 0.466674 0.176397 -5.146761 4.638360  2.412518
 81.885196 0.518888 0.476972 0.181753 -5.264696 4.529952  2.371209
 82.695942 0.507200 0.487028 0.187017 -5.380091 4.419147  2.328660
 83.506687 0.495256 0.496839 0.192186 -5.492884 4.305994  2.284890
 84.317433 0.483062 0.506398 0.197259 -5.603013 4.190544  2.239919
 85.128179 0.470623 0.515701 0.202231 -5.710419 4.072851  2.193765
 85.938925 0.457946 0.524743 0.207102 -5.815041 3.952968  2.146451
 86.749670 0.445037 0.533518 0.211867 -5.916823 3.830951  2.097997
 87.560416 0.431902 0.542023 0.216524 -6.015705 3.706856  2.048424
 88.371162 0.418547 0.550252 0.221072 -6.111634 3.580741  1.997755
 89.181908 0.404979 0.558201 0.225507 -6.204554 3.452665  1.946014
 89.992653 0.391205 0.565866 0.229827 -6.294412 3.322688  1.893224
 90.803399 0.377231 0.573243 0.234030 -6.381156 3.190872  1.839409
 91.614139 0.363065 0.580326 0.238113 -6.464734 3.057279  1.784595
 92.424885 0.348713 0.587114 0.242075 -6.545098 2.921974  1.728807
 93.235631 0.334183 0.593600 0.245913 -6.622200 2.785021  1.672070
 94.046377 0.319482 0.599783 0.249625 -6.695992 2.646486  1.614413
 94.857122 0.304617 0.605658 0.253209 -6.766430 2.506436  1.555862
 95.667868 0.289595 0.611223 0.256663 -6.833471 2.364941  1.496446
 96.478614 0.274425 0.616473 0.259985 -6.897071 2.222068  1.436192
 97.289360 0.259114 0.621406 0.263174 -6.957190 2.077889  1.375131
 98.100105 0.243669 0.626019 0.266226 -7.013791 1.932475  1.313290
 98.910851 0.228098 0.630309 0.269142 -7.066835 1.785898  1.250702
 99.721597 0.212410 0.634273 0.271918 -7.116286 1.638231  1.187396
 100.532343 0.196611 0.637910 0.274554 -7.162112 1.489549  1.123404
 101.343088 0.180712 0.641217 0.277048 -7.204279 1.339927  1.058757
 102.153834 0.164718 0.644192 0.279399 -7.242758 1.189440  0.993488
 102.964580 0.148639 0.646832 0.281604 -7.277520 1.038165  0.927629
 103.775326 0.132483 0.649137 0.283664 -7.308539 0.886180  0.861214
 104.586071 0.116258 0.651104 0.285576 -7.335790 0.733562  0.794275
 105.396817 0.099973 0.652733 0.287339 -7.359250 0.580391  0.726848
 106.207563 0.083635 0.654021 0.288952 -7.378897 0.426746  0.658966
 107.018309 0.067254 0.654969 0.290415 -7.394715 0.272708  0.590665
 107.829054 0.050838 0.655574 0.291727 -7.406684 0.118356  0.521980
 108.639800 0.034395 0.655837 0.292885 -7.414791 -0.036228  0.452945
 109.450546 0.017934 0.655756 0.293891 -7.419023 -0.190961  0.383598
 110.261292 0.001464 0.655333 0.294743 -7.419369 -0.345763  0.313974
 111.072037 -0.015007 0.654565 0.295440 -7.415820 -0.500550  0.244111
 111.882783 -0.031470 0.653454 0.295981 -7.408370 -0.655240  0.174044
 112.693529 -0.047917 0.651999 0.296368 -7.397015 -0.809749  0.103812
 113.504275 -0.064338 0.650201 0.296598 -7.381752 -0.963995  0.033450
 114.315020 -0.080726 0.648061 0.296673 -7.362582 -1.117892  -0.037002
 115.125766 -0.097071 0.645580 0.296590 -7.339506 -1.271358  -0.107507
 115.936512 -0.113364 0.642757 0.296352 -7.312530 -1.424309  -0.178027
 116.747258 -0.129598 0.639595 0.295957 -7.281659 -1.576661  -0.248524
 117.558003 -0.145764 0.636095 0.295405 -7.246904 -1.728330  -0.318959
 118.368749 -0.161852 0.632258 0.294697 -7.208275 -1.879232  -0.389295
 119.179495 -0.177854 0.628086 0.293833 -7.165785 -2.029283  -0.459492
 119.990241 -0.193762 0.623581 0.292812 -7.119450 -2.178400  -0.529512
 120.800986 -0.209567 0.618745 0.291637 -7.069290 -2.326500  -0.599317
 121.611732 -0.225261 0.613580 0.290306 -7.015323 -2.473499  -0.668867
 122.422478 -0.240835 0.608089 0.288822 -6.957572 -2.619314  -0.738125
 123.233224 -0.256281 0.602274 0.287183 -6.896063 -2.763864  -0.807051
 124.043969 -0.271590 0.596139 0.285391 -6.830822 -2.907067  -0.875606
 124.854715 -0.286755 0.589685 0.283447 -6.761880 -3.048840  -0.943754
 125.665461 -0.301766 0.582916 0.281352 -6.689268 -3.189105  -1.011454
 126.476207 -0.316616 0.575837 0.279107 -6.613019 -3.327779  -1.078669
 127.286952 -0.331297 0.568449 0.276712 -6.533171 -3.464784  -1.145361
 128.097698 -0.345801 0.560757 0.274170 -6.449763 -3.600041  -1.211492
 128.908444 -0.360119 0.552765 0.271480 -6.362834 -3.733473  -1.277024
 129.719190 -0.374245 0.544477 0.268645 -6.272428 -3.865001  -1.341921
 130.529935 -0.388169 0.535896 0.265666 -6.178591 -3.994551  -1.406144
 131.340681 -0.401886 0.527029 0.262544 -6.081369 -4.122046  -1.469657
 132.151427 -0.415387 0.517878 0.259282 -5.980813 -4.247413  -1.532423
 132.962173 -0.428664 0.508448 0.255880 -5.876975 -4.370578  -1.594407
 133.772918 -0.441711 0.498746 0.252340 -5.769908 -4.491470  -1.655572
 134.583664 -0.454520 0.488775 0.248665 -5.659668 -4.610018  -1.715883
 135.394410 -0.467084 0.478540 0.244855 -5.546313 -4.726152  -1.775306
 136.205156 -0.479397 0.468048 0.240914 -5.429905 -4.839805  -1.833806
 137.015901 -0.491452 0.457304 0.236843 -5.310504 -4.950910  -1.891348
 137.826647 -0.503241 0.446313 0.232644 -5.188175 -5.059401  -1.947900
 138.637393 -0.514759 0.435081 0.228320 -5.062984 -5.165214  -2.003428
 139.448139 -0.525999 0.423614 0.223873 -4.934999 -5.268287  -2.057900
 140.258884 -0.536954 0.411919 0.219304 -4.804289 -5.368559  -2.111285
 141.069630 -0.547620 0.400000 0.214617 -4.670927 -5.465971  -2.163551
 141.880376 -0.557989 0.387866 0.209814 -4.534986 -5.560466  -2.214667
 142.691122 -0.568057 0.375522 0.204897 -4.396540 -5.651988  -2.264604
 143.501867 -0.577817 0.362974 0.199870 -4.255666 -5.740482  -2.313333
 144.312613 -0.587265 0.350231 0.194734 -4.112443 -5.825897  -2.360825
 145.123359 -0.596394 0.337297 0.189493 -3.966950 -5.908182  -2.407053
 145.934105 -0.605201 0.324181 0.184150 -3.819270 -5.987288  -2.451989
 146.744850 -0.613680 0.310889 0.178706 -3.669484 -6.063169  -2.495607
 147.555596 -0.621826 0.297429 0.173166 -3.517677 -6.135781  -2.537882
 148.366342 -0.629635 0.283807 0.167532 -3.363934 -6.205081  -2.578790
 149.177088 -0.637103 0.270032 0.161807 -3.208342 -6.271027  -2.618306
 149.987833 -0.644226 0.256110 0.155994 -3.050990 -6.333582  -2.656408
 150.798579 -0.650999 0.242050 0.150097 -2.891965 -6.392709  -2.693073
 151.609325 -0.657419 0.227858 0.144118 -2.731360 -6.448374  -2.728281
 152.420071 -0.663483 0.213543 0.138062 -2.569264 -6.500545  -2.762010
 153.230816 -0.669187 0.199111 0.131930 -2.405770 -6.549192  -2.794243
 154.041562 -0.674527 0.184572 0.125727 -2.240971 -6.594286  -2.824960
 154.852308 -0.679502 0.169933 0.119455 -2.074961 -6.635802  -2.854145
 155.663054 -0.684109 0.155201 0.113119 -1.907835 -6.673718  -2.881780
 156.473800 -0.688344 0.140386 0.106722 -1.739688 -6.708011  -2.907849
 157.284545 -0.692206 0.125494 0.100266 -1.570615 -6.738663  -2.932339
 158.095291 -0.695693 0.110534 0.093756 -1.400713 -6.765658  -2.955237
 158.906037 -0.698803 0.095514 0.087196 -1.230080 -6.788980  -2.976528
 159.716783 -0.701533 0.080443 0.080588 -1.058812 -6.808619  -2.996202
 160.527528 -0.703884 0.065328 0.073936 -0.887007 -6.824565  -3.014249
 161.338274 -0.705853 0.050177 0.067245 -0.714763 -6.836809  -3.030658
 162.149020 -0.707440 0.035000 0.060517 -0.542178 -6.845347  -3.045421
 162.959766 -0.708643 0.019803 0.053756 -0.369350 -6.850177  -3.058532
 163.770511 -0.709463 0.004595 0.046966 -0.196378 -6.851297  -3.069982
 164.581257 -0.709899 -0.010614 0.040150 -0.023359 -6.848710  -3.079768
 165.392003 -0.709951 -0.025819 0.033313 0.149608 -6.842420  -3.087884
 166.202749 -0.709619 -0.041009 0.026458 0.322426 -6.832433  -3.094328
 167.013494 -0.708903 -0.056177 0.019589 0.494997 -6.818758  -3.099096
 167.824240 -0.707804 -0.071314 0.012709 0.667223 -6.801405  -3.102189
 168.634986 -0.706323 -0.086413 0.005822 0.839007 -6.780389  -3.103604
 169.445732 -0.704461 -0.101466 -0.001068 1.010253 -6.755723  -3.103345
 170.256477 -0.702218 -0.116464 -0.007957 1.180866 -6.727427  -3.101412
 171.067223 -0.699596 -0.131399 -0.014843 1.350749 -6.695520  -3.097807
 171.877969 -0.696598 -0.146263 -0.021720 1.519808 -6.660023  -3.092536
 172.688715 -0.693224 -0.161048 -0.028585 1.687948 -6.620961  -3.085603
 173.499460 -0.689476 -0.175746 -0.035435 1.855077 -6.578360  -3.077013
 174.310206 -0.685358 -0.190350 -0.042266 2.021103 -6.532248  -3.066775
 175.120952 -0.680871 -0.204852 -0.049074 2.185932 -6.482657  -3.054894
 175.931698 -0.676019 -0.219243 -0.055856 2.349476 -6.429617  -3.041381
 176.742443 -0.670803 -0.233517 -0.062608 2.511644 -6.373163  -3.026246
 177.553189 -0.665227 -0.247666 -0.069326 2.672348 -6.313333  -3.009498
 178.363935 -0.659294 -0.261681 -0.076007 2.831501 -6.250164  -2.991150
 179.174681 -0.653008 -0.275557 -0.082648 2.989016 -6.183695  -2.971214
 179.985426 -0.646373 -0.289284 -0.089244 3.144808 -6.113970  -2.949704
 180.796172 -0.639391 -0.302857 -0.095792 3.298794 -6.041032  -2.926634
 181.606918 -0.632068 -0.316268 -0.102289 3.450892 -5.964927  -2.902020
 182.417664 -0.624407 -0.329511 -0.108732 3.601021 -5.885702  -2.875877
 183.228409 -0.616413 -0.342577 -0.115116 3.749100 -5.803405  -2.848223
 184.039144 -0.608090 -0.355460 -0.121439 3.895052 -5.718088  -2.819075
 184.849879 -0.599443 -0.368155 -0.127698 4.038801 -5.629803  -2.788453
 185.660614 -0.590477 -0.380653 -0.133888 4.180272 -5.538604  -2.756375
 186.471349 -0.581196 -0.392948 -0.140007 4.319391 -5.444545  -2.722862
 187.282084 -0.571607 -0.405035 -0.146052 4.456086 -5.347684  -2.687935
 188.092819 -0.561715 -0.416907 -0.152019 4.590287 -5.248079  -2.651615
 188.903553 -0.551524 -0.428558 -0.157906 4.721927 -5.145790  -2.613926
 189.714288 -0.541042 -0.439982 -0.163709 4.850938 -5.040876  -2.574890
 190.525023 -0.530273 -0.451172 -0.169425 4.977256 -4.933401  -2.534530
 191.335758 -0.519223 -0.462124 -0.175052 5.100817 -4.823428  -2.492873
 192.146493 -0.507899 -0.472832 -0.180586 5.221561 -4.711021  -2.449942
 192.957228 -0.496307 -0.483291 -0.186025 5.339427 -4.596246  -2.405763
 193.767963 -0.484454 -0.493495 -0.191365 5.454359 -4.479169  -2.360364
 194.578697 -0.472345 -0.503438 -0.196605 5.566300 -4.359859  -2.313770
 195.389432 -0.459988 -0.513117 -0.201742 5.675198 -4.238384  -2.266010
 196.200167 -0.447389 -0.522526 -0.206773 5.780999 -4.114813  -2.217111
 197.010902 -0.434555 -0.531661 -0.211695 5.883655 -3.989218  -2.167102
 197.821637 -0.421494 -0.540517 -0.216506 5.983117 -3.861669  -2.116012
 198.632372 -0.408211 -0.549090 -0.221203 6.079340 -3.732239  -2.063871
 199.443107 -0.394715 -0.557376 -0.225785 6.172279 -3.601000  -2.010708
 200.253842 -0.381012 -0.565370 -0.230249 6.261892 -3.468026  -1.956553
 201.064576 -0.367111 -0.573069 -0.234592 6.348140 -3.333391  -1.901439
 201.875311 -0.353018 -0.580469 -0.238813 6.430985 -3.197169  -1.845396
 202.686046 -0.338741 -0.587567 -0.242910 6.510390 -3.059437  -1.788455
 203.496781 -0.324288 -0.594359 -0.246881 6.586321 -2.920269  -1.730648
 204.307516 -0.309667 -0.600842 -0.250723 6.658747 -2.779741  -1.672008
 205.118251 -0.294884 -0.607013 -0.254434 6.727638 -2.637931  -1.612567
 205.928986 -0.279949 -0.612869 -0.258014 6.792965 -2.494915  -1.552358
 206.739720 -0.264868 -0.618408 -0.261461 6.854704 -2.350770  -1.491414
 207.550455 -0.249651 -0.623627 -0.264771 6.912829 -2.205573  -1.429769
 208.361190 -0.234305 -0.628523 -0.267946 6.967319 -2.059403  -1.367455
 209.171925 -0.218837 -0.633095 -0.270981 7.018155 -1.912336  -1.304506
 209.982660 -0.203257 -0.637340 -0.273877 7.065317 -1.764451  -1.240957
 210.793395 -0.187572 -0.641257 -0.276632 7.108791 -1.615826  -1.176842
 211.604130 -0.171790 -0.644844 -0.279245 7.148562 -1.466538  -1.112194
 212.414865 -0.155920 -0.648100 -0.281714 7.184619 -1.316666  -1.047048
 213.225599 -0.139971 -0.651023 -0.284038 7.216950 -1.166287  -0.981438
 214.036334 -0.123949 -0.653612 -0.286217 7.245549 -1.015479  -0.915399
 214.847069 -0.107864 -0.655867 -0.288249 7.270409 -0.864320  -0.848966
 215.657804 -0.091724 -0.657785 -0.290134 7.291525 -0.712888  -0.782172
 216.468539 -0.075536 -0.659368 -0.291870 7.308895 -0.561258  -0.715054
 217.279274 -0.059311 -0.660614 -0.293458 7.322519 -0.409510  -0.647644
 218.090009 -0.043055 -0.661523 -0.294896 7.332399 -0.257719  -0.579978
 218.900744 -0.026777 -0.662095 -0.296183 7.338536 -0.105961  -0.512090
 219.711478 -0.010485 -0.662331 -0.297320 7.340937 0.045687  -0.444016
 220.522213 0.005812 -0.662229 -0.298306 7.339608 0.197149  -0.375789
 221.332948 0.022106 -0.661791 -0.299140 7.334557 0.348350  -0.307443
 222.143683 0.038388 -0.661018 -0.299823 7.325796 0.499216  -0.239014
 222.954418 0.054652 -0.659910 -0.300353 7.313335 0.649671  -0.170535
 223.765153 0.070887 -0.658468 -0.300732 7.297190 0.799643  -0.102041
 224.575888 0.087087 -0.656692 -0.300958 7.277376 0.949057  -0.033565
 225.386622 0.103243 -0.654585 -0.301033 7.253909 1.097842  0.034858
 226.197357 0.119346 -0.652148 -0.300955 7.226809 1.245924  0.103196
 227.008092 0.135390 -0.649382 -0.300726 7.196097 1.393233  0.171414
 227.818827 0.151365 -0.646289 -0.300346 7.161794 1.539698  0.239479
 228.629562 0.167264 -0.642871 -0.299814 7.123924 1.685248  0.307359
 229.440297 0.183080 -0.639130 -0.299132 7.082513 1.829813  0.375020
 230.251032 0.198803 -0.635068 -0.298299 7.037587 1.973326  0.442430
 231.061767 0.214426 -0.630687 -0.297317 6.989176 2.115718  0.509556
 231.872501 0.229942 -0.625990 -0.296186 6.937308 2.256922  0.576366
 232.683236 0.245343 -0.620980 -0.294906 6.882016 2.396871  0.642829
 233.493971 0.260621 -0.615659 -0.293479 6.823331 2.535499  0.708912
 234.304706 0.275769 -0.610030 -0.291905 6.761289 2.672743  0.774584
 235.115441 0.290779 -0.604096 -0.290186 6.695925 2.808538  0.839815
 235.926176 0.305644 -0.597861 -0.288321 6.627276 2.942820  0.904573
 236.736911 0.320356 -0.591328 -0.286313 6.555381 3.075528  0.968829
 237.547645 0.334909 -0.584501 -0.284162 6.480278 3.206600  1.032551
 238.358380 0.349296 -0.577382 -0.281870 6.402010 3.335976  1.095711
 239.169115 0.363508 -0.569976 -0.279438 6.320619 3.463597  1.158279
 239.979850 0.377540 -0.562287 -0.276866 6.236148 3.589404  1.220225
 240.790585 0.391384 -0.554318 -0.274157 6.148641 3.713339  1.281522
 241.601320 0.405034 -0.546075 -0.271313 6.058146 3.835347  1.342140
 242.412055 0.418483 -0.537560 -0.268333 5.964709 3.955371  1.402052
 243.222790 0.431725 -0.528779 -0.265220 5.868378 4.073358  1.461231
 244.033524 0.444753 -0.519737 -0.261976 5.769204 4.189253  1.519648
 244.844259 0.457560 -0.510436 -0.258603 5.667236 4.303004  1.577279
 245.654994 0.470141 -0.500884 -0.255101 5.562526 4.414561  1.634095
 246.465729 0.482490 -0.491083 -0.251474 5.455127 4.523872  1.690071
 247.276464 0.494601 -0.481040 -0.247722 5.345094 4.630889  1.745181
 248.087199 0.506467 -0.470760 -0.243847 5.232479 4.735564  1.799401
 248.897934 0.518083 -0.460247 -0.239853 5.117341 4.837849  1.852706
 249.708668 0.529443 -0.449507 -0.235740 4.999734 4.937699  1.905072
 250.519403 0.540543 -0.438545 -0.231510 4.879718 5.035069  1.956474
 251.330138 0.551376 -0.427367 -0.227167 4.757349 5.129916  2.006890
 252.140873 0.561937 -0.415979 -0.222712 4.632689 5.222197  2.056296
 252.951608 0.572222 -0.404386 -0.218147 4.505797 5.311871  2.104671
 253.762343 0.582225 -0.392593 -0.213474 4.376735 5.398897  2.151992
 254.573078 0.591941 -0.380608 -0.208697 4.245564 5.483238  2.198238
 255.383813 0.601366 -0.368435 -0.203817 4.112348 5.564855  2.243388
 256.194547 0.610495 -0.356081 -0.198837 3.977150 5.643711  2.287421
 257.005282 0.619325 -0.343552 -0.193758 3.840034 5.719772  2.330319
 257.816017 0.627850 -0.330854 -0.188585 3.701067 5.793003  2.372060
 258.626752 0.636066 -0.317994 -0.183319 3.560312 5.863371  2.412627
 259.437487 0.643970 -0.304977 -0.177963 3.417838 5.930846  2.452000
 260.248222 0.651557 -0.291810 -0.172520 3.273710 5.995395  2.490162
 261.058957 0.658825 -0.278501 -0.166992 3.127998 6.056991  2.527096
 261.869692 0.665769 -0.265054 -0.161381 2.980769 6.115606  2.562784
 262.680426 0.672387 -0.251478 -0.155692 2.832092 6.171212  2.597210
 263.491161 0.678674 -0.237777 -0.149926 2.682038 6.223784  2.630358
 264.301896 0.684628 -0.223961 -0.144087 2.530676 6.273299  2.662214
 265.112631 0.690246 -0.210034 -0.138177 2.378076 6.319733  2.692762
 265.923366 0.695525 -0.196004 -0.132199 2.224311 6.363065  2.721988
 266.734101 0.700463 -0.181878 -0.126156 2.069452 6.403275  2.749879
 267.544836 0.705057 -0.167663 -0.120051 1.913571 6.440344  2.776421
 268.355570 0.709306 -0.153365 -0.113888 1.756740 6.474254  2.801602
 269.166305 0.713206 -0.138992 -0.107668 1.599033 6.504988  2.825410
 269.977040 0.716755 -0.124551 -0.101396 1.440522 6.532533  2.847834
 270.787775 0.719953 -0.110049 -0.095073 1.281283 6.556874  2.868862
 271.598510 0.722798 -0.095493 -0.088705 1.121388 6.577998  2.888485
 272.409245 0.725287 -0.080890 -0.082292 0.960913 6.595896  2.906693
 273.219980 0.727421 -0.066247 -0.075839 0.799931 6.610556  2.923477
 274.030715 0.729196 -0.051571 -0.069349 0.638519 6.621972  2.938827
 274.841449 0.730614 -0.036871 -0.062825 0.476751 6.630136  2.952738
 275.652184 0.731672 -0.022152 -0.056270 0.314703 6.635042  2.965200
 276.462919 0.732371 -0.007422 -0.049687 0.152450 6.636686  2.976208
 277.273654 0.732709 0.007312 -0.043080 -0.009932 6.635066  2.985755
 278.084389 0.732687 0.022041 -0.036452 -0.172366 6.630179  2.993837
 278.895124 0.732305 0.036760 -0.029805 -0.334776 6.622026  3.000447
 279.705859 0.731561 0.051461 -0.023144 -0.497087 6.610609  3.005582
 280.516593 0.730458 0.066137 -0.016472 -0.659221 6.595929  3.009238
 281.327328 0.728994 0.080780 -0.009791 -0.821103 6.577991  3.011412
 282.138063 0.727172 0.095383 -0.003106 -0.982656 6.556800  3.012102
 282.948798 0.724990 0.109939 0.003581 -1.143803 6.532363  3.011306
 283.759533 0.722451 0.124441 0.010266 -1.304468 6.504689  3.009023
 284.570268 0.719555 0.138881 0.016946 -1.464575 6.473787  3.005253
 285.381003 0.716304 0.153253 0.023618 -1.624047 6.439668  2.999995
 286.191738 0.712698 0.167549 0.030278 -1.782808 6.402344  2.993250
 287.002472 0.708740 0.181762 0.036923 -1.940782 6.361831  2.985020
 287.813207 0.704432 0.195886 0.043549 -2.097893 6.318142  2.975307
 288.623942 0.699775 0.209912 0.050155 -2.254065 6.271295  2.964114
 289.434677 0.694770 0.223834 0.056735 -2.409223 6.221307  2.951444
 290.245412 0.689422 0.237645 0.063287 -2.563292 6.168200  2.937301
 291.056147 0.683732 0.251339 0.069808 -2.716196 6.111992  2.921689
 291.866882 0.677702 0.264907 0.076294 -2.867861 6.052708  2.904615
 292.677617 0.671335 0.278344 0.082742 -3.018211 5.990370  2.886085
 293.488351 0.664634 0.291643 0.089149 -3.167175 5.925005  2.866104
 294.299086 0.657603 0.304797 0.095512 -3.314676 5.856639  2.844680
 295.109821 0.650245 0.317798 0.101827 -3.460643 5.785299  2.821822
 295.920556 0.642562 0.330642 0.108092 -3.605003 5.711017  2.797538
 296.731291 0.634559 0.343320 0.114302 -3.747682 5.633821  2.771837
 297.542026 0.626239 0.355827 0.120456 -3.888611 5.553747  2.744730
 298.352761 0.617606 0.368157 0.126549 -4.027716 5.470826  2.716227
 299.163495 0.608665 0.380302 0.132579 -4.164928 5.385094  2.686339
 299.974230 0.599419 0.392257 0.138543 -4.300176 5.296588  2.655080
 300.784965 0.589872 0.404015 0.144437 -4.433392 5.205346  2.622460
 301.595700 0.580030 0.415571 0.150259 -4.564505 5.111408  2.588495
 302.406435 0.569897 0.426918 0.156005 -4.693450 5.014814  2.553197
 303.217170 0.559478 0.438051 0.161674 -4.820157 4.915606  2.516582
 304.027905 0.548777 0.448964 0.167260 -4.944561 4.813829  2.478666
 304.838640 0.537800 0.459651 0.172763 -5.066596 4.709528  2.439463
 305.649374 0.526552 0.470106 0.178179 -5.186197 4.602748  2.398992
 306.460109 0.515039 0.480324 0.183504 -5.303300 4.493537  2.357269
 307.270844 0.503265 0.490299 0.188737 -5.417843 4.381946  2.314312
 308.081579 0.491238 0.500027 0.193875 -5.529763 4.268023  2.270141
 308.892314 0.478962 0.509502 0.198915 -5.638999 4.151822  2.224775
 309.703049 0.466443 0.518719 0.203854 -5.745492 4.033394  2.178233
 310.513784 0.453688 0.527674 0.208690 -5.849182 3.912795  2.130537
 311.324518 0.440703 0.536360 0.213419 -5.950011 3.790079  2.081709
 312.135253 0.427494 0.544774 0.218041 -6.047924 3.665305  2.031769
 312.945988 0.414068 0.552911 0.222551 -6.142864 3.538530  1.980741
 313.756723 0.400430 0.560766 0.226949 -6.234777 3.409814  1.928648
 314.567458 0.386589 0.568336 0.231230 -6.323611 3.279217  1.875514
 315.378193 0.372551 0.575616 0.235394 -6.409313 3.146802  1.821364
 316.188928 0.358322 0.582602 0.239437 -6.491833 3.012630  1.766222
 316.999663 0.343910 0.589290 0.243358 -6.571123 2.876768  1.710115
 317.810397 0.329322 0.595676 0.247155 -6.647134 2.739279  1.653069
 318.621132 0.314566 0.601758 0.250825 -6.719821 2.600230  1.595111
 319.431867 0.299648 0.607530 0.254366 -6.789139 2.459690  1.536268
 320.242602 0.284576 0.612991 0.257776 -6.855044 2.317726  1.476569
 321.053337 0.269358 0.618136 0.261054 -6.917496 2.174408  1.416043
 321.864072 0.254001 0.622963 0.264198 -6.976454 2.029808  1.354718
 322.674807 0.238513 0.627469 0.267205 -7.031880 1.883996  1.292624
 323.485541 0.222902 0.631652 0.270075 -7.083737 1.737045  1.229793
 324.296276 0.207176 0.635508 0.272805 -7.131991 1.589029  1.166254
 325.107011 0.191343 0.639036 0.275394 -7.176607 1.440023  1.102039
 325.917746 0.175411 0.642233 0.277841 -7.217555 1.290101  1.037180
 326.728481 0.159388 0.645097 0.280143 -7.254804 1.139340  0.971710
 327.539216 0.143283 0.647626 0.282300 -7.288328 0.987816  0.905661
 328.349951 0.127103 0.649819 0.284311 -7.318099 0.835608  0.839067
 329.160686 0.110856 0.651674 0.286174 -7.344094 0.682794  0.771960
 329.971420 0.094553 0.653190 0.287887 -7.366291 0.529453  0.704377
 330.782155 0.078199 0.654365 0.289451 -7.384670 0.375665  0.636350
 331.592890 0.061805 0.655199 0.290864 -7.399211 0.221509  0.567915
 332.403625 0.045379 0.655691 0.292125 -7.409900 0.067067  0.499108
 333.214360 0.028929 0.655840 0.293233 -7.416721 -0.087579  0.429964
 334.025095 0.012464 0.655645 0.294187 -7.419664 -0.242348  0.360519
 334.835830 -0.004008 0.655107 0.294987 -7.418716 -0.397158  0.290810
 335.646565 -0.020477 0.654226 0.295633 -7.413872 -0.551926  0.220873
 336.457299 -0.036936 0.653000 0.296123 -7.405125 -0.706569  0.150746
 337.268034 -0.053375 0.651432 0.296458 -7.392471 -0.861004  0.080464
 338.078769 -0.069787 0.649520 0.296637 -7.375910 -1.015147  0.010067
 338.889504 -0.086161 0.647267 0.296659 -7.355441 -1.168914  -0.060408
 339.700239 -0.102490 0.644672 0.296525 -7.331068 -1.322222  -0.130924
 340.510974 -0.118765 0.641736 0.296234 -7.302796 -1.474987  -0.201443
 341.321709 -0.134977 0.638462 0.295787 -7.270633 -1.627125  -0.271925
 342.132443 -0.151118 0.634850 0.295183 -7.234587 -1.778551  -0.342333
 342.943178 -0.167179 0.630901 0.294423 -7.194672 -1.929183  -0.412629
 343.753913 -0.183151 0.626619 0.293507 -7.150902 -2.078936  -0.482773
 344.564648 -0.199026 0.622003 0.292436 -7.103292 -2.227728  -0.552727
 345.375383 -0.214795 0.617058 0.291209 -7.051862 -2.375473  -0.622453
 346.186118 -0.230451 0.611784 0.289827 -6.996633 -2.522091  -0.691912
 346.996853 -0.245983 0.606185 0.288291 -6.937629 -2.667498  -0.761065
 347.807588 -0.261385 0.600263 0.286601 -6.874875 -2.811612  -0.829873
 348.618322 -0.276647 0.594022 0.284759 -6.808398 -2.954351  -0.898299
 349.429057 -0.291762 0.587463 0.282765 -6.738230 -3.095635  -0.966303
 350.239792 -0.306720 0.580591 0.280619 -6.664403 -3.235382  -1.033848
 351.050527 -0.321515 0.573408 0.278324 -6.586952 -3.373512  -1.100894
 351.861262 -0.336138 0.565919 0.275880 -6.505914 -3.509947  -1.167405
 352.671997 -0.350582 0.558127 0.273289 -6.421328 -3.644608  -1.233342
 353.482732 -0.364837 0.550036 0.270551 -6.333236 -3.777417  -1.298668
 354.293466 -0.378897 0.541650 0.267668 -6.241682 -3.908298  -1.363346
 355.104201 -0.392753 0.532973 0.264641 -6.146712 -4.037174  -1.427337
 355.914936 -0.406399 0.524011 0.261472 -6.048374 -4.163971  -1.490607
 356.725671 -0.419826 0.514767 0.258163 -5.946718 -4.288616  -1.553118
 357.536406 -0.433028 0.505246 0.254715 -5.841798 -4.411034  -1.614834
 358.347141 -0.445997 0.495454 0.251130 -5.733667 -4.531156  -1.675720
 359.157876 -0.458726 0.485395 0.247410 -5.622383 -4.648910  -1.735740
 359.968611 -0.471207 0.475074 0.243557 -5.508004 -4.764228  -1.794861
 360.779345 -0.483435 0.464497 0.239572 -5.390591 -4.877041  -1.853046
 361.590080 -0.495402 0.453670 0.235458 -5.270207 -4.987284  -1.910263
 362.400815 -0.507102 0.442599 0.231218 -5.146916 -5.094892  -1.966478
 363.211550 -0.518528 0.431288 0.226852 -5.020786 -5.199801  -2.021659
 364.022285 -0.529674 0.419744 0.222364 -4.891885 -5.301950  -2.075774
 364.833020 -0.540534 0.407974 0.217756 -4.760283 -5.401278  -2.128790
 365.643755 -0.551102 0.395983 0.213030 -4.626053 -5.497726  -2.180677