
 0.000000 -0.822698 -1.182854 -0.520313 4.500808 -2.051739  -1.062696
 0.810744 -0.812707 -1.187409 -0.522672 4.520660 -2.022734  -1.049929
 1.621488 -0.802671 -1.191900 -0.525003 4.540307 -1.993561  -1.037079
 2.432232 -0.792591 -1.196326 -0.527305 4.559745 -1.964221  -1.024147
 3.242976 -0.782469 -1.200686 -0.529579 4.578972 -1.934717  -1.011133
 4.053720 -0.772303 -1.204981 -0.531823 4.597988 -1.905047  -0.998039
 4.864464 -0.762096 -1.209210 -0.534039 4.616790 -1.875215  -0.984863
 5.675208 -0.751846 -1.213373 -0.536225 4.635376 -1.845220  -0.971608
 6.485952 -0.741556 -1.217470 -0.538382 4.653744 -1.815064  -0.958272
 7.296695 -0.731225 -1.221499 -0.540510 4.671892 -1.784747  -0.944857
 8.107439 -0.720853 -1.225461 -0.542607 4.689819 -1.754271  -0.931363
 8.918183 -0.710442 -1.229356 -0.544675 4.707523 -1.723636  -0.917790
 9.728927 -0.699991 -1.233182 -0.546712 4.725001 -1.692845  -0.904139
 10.539670 -0.689501 -1.236940 -0.548720 4.742252 -1.661898  -0.890411
 11.350414 -0.678974 -1.240630 -0.550696 4.759273 -1.630796  -0.876605
 12.161158 -0.668408 -1.244250 -0.552642 4.776064 -1.599540  -0.862722
 12.971902 -0.657805 -1.247801 -0.554558 4.792621 -1.568131  -0.848764
 13.782646 -0.647166 -1.251282 -0.556442 4.808944 -1.536572  -0.834729
 14.593391 -0.636490 -1.254694 -0.558295 4.825030 -1.504862  -0.820619
 15.404135 -0.625778 -1.258034 -0.560117 4.840877 -1.473003  -0.806435
 16.214880 -0.615031 -1.261304 -0.561907 4.856484 -1.440997  -0.792176
 17.025624 -0.604250 -1.264503 -0.563666 4.871848 -1.408844  -0.777844
 17.836368 -0.593434 -1.267631 -0.565392 4.886968 -1.376547  -0.763439
 18.647113 -0.582585 -1.270687 -0.567087 4.901842 -1.344106  -0.748961
 19.457857 -0.571703 -1.273671 -0.568750 4.916467 -1.311522  -0.734411
 20.268602 -0.560789 -1.276583 -0.570380 4.930843 -1.278798  -0.719789
 21.079346 -0.549842 -1.279421 -0.571978 4.944966 -1.245934  -0.705097
 21.890090 -0.538864 -1.282187 -0.573544 4.958836 -1.212932  -0.690335
 22.700835 -0.527856 -1.284880 -0.575076 4.972450 -1.179793  -0.675503
 23.511578 -0.516817 -1.287499 -0.576576 4.985807 -1.146519  -0.660602
 24.322321 -0.505749 -1.290045 -0.578042 4.998904 -1.113111  -0.645632
 25.133064 -0.494651 -1.292516 -0.579476 5.011740 -1.079571  -0.630595
 25.943807 -0.483525 -1.294912 -0.580876 5.024313 -1.045900  -0.615491
 26.754550 -0.472371 -1.297234 -0.582242 5.036621 -1.012100  -0.600320
 27.565293 -0.461190 -1.299481 -0.583575 5.048662 -0.978172  -0.585084
 28.376036 -0.449982 -1.301653 -0.584874 5.060435 -0.944118  -0.569782
 29.186779 -0.438747 -1.303749 -0.586138 5.071936 -0.909939  -0.554416
 29.997522 -0.427488 -1.305769 -0.587369 5.083166 -0.875638  -0.538987
 30.808265 -0.416203 -1.307713 -0.588566 5.094122 -0.841216  -0.523494
 31.619008 -0.404894 -1.309580 -0.589728 5.104801 -0.806674  -0.507939
 32.429751 -0.393561 -1.311371 -0.590856 5.115203 -0.772014  -0.492323
 33.240494 -0.382206 -1.313085 -0.591949 5.125326 -0.737238  -0.476646
 34.051237 -0.370827 -1.314721 -0.593007 5.135167 -0.702348  -0.460908
 34.861980 -0.359427 -1.316281 -0.594030 5.144725 -0.667345  -0.445112
 35.672723 -0.348006 -1.317762 -0.595018 5.153998 -0.632232  -0.429257
 36.483466 -0.336564 -1.319166 -0.595971 5.162984 -0.597009  -0.413344
 37.294209 -0.325102 -1.320491 -0.596889 5.171682 -0.561680  -0.397374
 38.104952 -0.313621 -1.321738 -0.597771 5.180090 -0.526245  -0.381349
 38.915695 -0.302122 -1.322906 -0.598617 5.188206 -0.490706  -0.365267
 39.726438 -0.290604 -1.323996 -0.599428 5.196029 -0.455067  -0.349132
 40.537181 -0.279069 -1.325006 -0.600203 5.203556 -0.419327  -0.332943
 41.347925 -0.267517 -1.325937 -0.600942 5.210787 -0.383491  -0.316701
 42.158668 -0.255949 -1.326788 -0.601646 5.217718 -0.347558  -0.300407
 42.969411 -0.244365 -1.327560 -0.602312 5.224350 -0.311532  -0.284062
 43.780154 -0.232767 -1.328251 -0.602943 5.230679 -0.275414  -0.267667
 44.590897 -0.221155 -1.328863 -0.603537 5.236705 -0.239207  -0.251222
 45.401640 -0.209530 -1.329394 -0.604095 5.242425 -0.202913  -0.234729
 46.212383 -0.197892 -1.329844 -0.604616 5.247839 -0.166533  -0.218189
 47.023128 -0.186241 -1.330214 -0.605101 5.252944 -0.130070  -0.201602
 47.833874 -0.174580 -1.330503 -0.605548 5.257739 -0.093525  -0.184970
 48.644620 -0.162908 -1.330710 -0.605959 5.262223 -0.056902  -0.168293
 49.455366 -0.151225 -1.330837 -0.606332 5.266393 -0.020202  -0.151573
 50.266111 -0.139534 -1.330881 -0.606669 5.270248 0.016572  -0.134810
 51.076857 -0.127834 -1.330845 -0.606968 5.273788 0.053418  -0.118005
 51.887603 -0.116126 -1.330726 -0.607230 5.277009 0.090335  -0.101159
 52.698349 -0.104411 -1.330525 -0.607455 5.279911 0.127319  -0.084274
 53.509094 -0.092690 -1.330243 -0.607642 5.282493 0.164369  -0.067350
 54.319840 -0.080963 -1.329878 -0.607791 5.284752 0.201482  -0.050388
 55.130586 -0.069231 -1.329431 -0.607903 5.286688 0.238655  -0.033390
 55.941332 -0.057494 -1.328901 -0.607977 5.288299 0.275887  -0.016357
 56.752077 -0.045754 -1.328288 -0.608014 5.289584 0.313175  0.000712
 57.562823 -0.034011 -1.327593 -0.608012 5.290540 0.350516  0.017813
 58.373569 -0.022266 -1.326815 -0.607972 5.291168 0.387908  0.034947
 59.184315 -0.010520 -1.325954 -0.607895 5.291465 0.425349  0.052112
 59.995060 0.001227 -1.325010 -0.607779 5.291430 0.462836  0.069307
 60.805806 0.012974 -1.323982 -0.607625 5.291062 0.500366  0.086531
 61.616552 0.024720 -1.322871 -0.607433 5.290360 0.537937  0.103783
 62.427298 0.036465 -1.321677 -0.607203 5.289322 0.575547  0.121062
 63.238043 0.048207 -1.320399 -0.606934 5.287948 0.613193  0.138366
 64.048789 0.059946 -1.319038 -0.606627 5.286236 0.650872  0.155695
 64.859535 0.071682 -1.317593 -0.606281 5.284184 0.688581  0.173046
 65.670281 0.083413 -1.316064 -0.605897 5.281792 0.726319  0.190420
 66.481026 0.095138 -1.314452 -0.605474 5.279059 0.764082  0.207815
 67.291772 0.106858 -1.312756 -0.605013 5.275983 0.801867  0.225229
 68.102518 0.118571 -1.310976 -0.604513 5.272564 0.839672  0.242662
 68.913264 0.130276 -1.309112 -0.603974 5.268800 0.877495  0.260111
 69.724009 0.141972 -1.307163 -0.603397 5.264691 0.915331  0.277577
 70.534755 0.153660 -1.305131 -0.602781 5.260235 0.953180  0.295058
 71.345501 0.165338 -1.303015 -0.602126 5.255431 0.991037  0.312551
 72.156247 0.177005 -1.300815 -0.601432 5.250279 1.028900  0.330057
 72.966993 0.188660 -1.298531 -0.600699 5.244777 1.066766  0.347574
 73.777738 0.200304 -1.296163 -0.599927 5.238926 1.104632  0.365101
 74.588484 0.211934 -1.293711 -0.599117 5.232723 1.142496  0.382635
 75.399230 0.223551 -1.291174 -0.598267 5.226168 1.180355  0.400177
 76.209976 0.235153 -1.288554 -0.597379 5.219261 1.218204  0.417724
 77.020721 0.246740 -1.285849 -0.596452 5.212000 1.256043  0.435276
 77.831467 0.258310 -1.283061 -0.595485 5.204385 1.293867  0.452831
 78.642213 0.269864 -1.280189 -0.594480 5.196416 1.331674  0.470387
 79.452959 0.281400 -1.277232 -0.593436 5.188090 1.369460  0.487944
 80.263704 0.292918 -1.274192 -0.592353 5.179409 1.407223  0.505499
 81.074450 0.304416 -1.271068 -0.591230 5.170371 1.444960  0.523052
 81.885196 0.315894 -1.267860 -0.590069 5.160976 1.482668  0.540602
 82.695942 0.327352 -1.264569 -0.588869 5.151224 1.520343  0.558146
 83.506687 0.338787 -1.261194 -0.587630 5.141113 1.557982  0.575683
 84.317433 0.350201 -1.257735 -0.586352 5.130643 1.595583  0.593212
 85.128179 0.361591 -1.254193 -0.585035 5.119815 1.633142  0.610732
 85.938925 0.372957 -1.250567 -0.583679 5.108627 1.670656  0.628241
 86.749670 0.384298 -1.246858 -0.582284 5.097080 1.708122  0.645738
 87.560416 0.395613 -1.243066 -0.580851 5.085172 1.745537  0.663221
 88.371162 0.406902 -1.239191 -0.579379 5.072904 1.782898  0.680689
 89.181908 0.418164 -1.235233 -0.577867 5.060276 1.820201  0.698140
 89.992653 0.429398 -1.231192 -0.576318 5.047287 1.857443  0.715573
 90.803399 0.440603 -1.227069 -0.574729 5.033937 1.894622  0.732987
 91.614139 0.451778 -1.222863 -0.573102 5.020227 1.931733  0.750379
 92.424885 0.462923 -1.218574 -0.571436 5.006155 1.968774  0.767749
 93.235631 0.474037 -1.214204 -0.569732 4.991723 2.005742  0.785095
 94.046377 0.485118 -1.209751 -0.567989 4.976930 2.042632  0.802415
 94.857122 0.496167 -1.205216 -0.566207 4.961775 2.079442  0.819709
 95.667868 0.507182 -1.200600 -0.564387 4.946260 2.116169  0.836974
 96.478614 0.518163 -1.195902 -0.562529 4.930385 2.152810  0.854209
 97.289360 0.529109 -1.191123 -0.560633 4.914149 2.189360  0.871412
 98.100105 0.540018 -1.186262 -0.558699 4.897553 2.225817  0.888582
 98.910851 0.550890 -1.181321 -0.556726 4.880597 2.262178  0.905718
 99.721597 0.561725 -1.176299 -0.554715 4.863281 2.298438  0.922818
 100.532343 0.572522 -1.171196 -0.552667 4.845606 2.334595  0.939879
 101.343088 0.583279 -1.166014 -0.550580 4.827572 2.370646  0.956902
 102.153834 0.593996 -1.160751 -0.548456 4.809180 2.406587  0.973884
 102.964580 0.604673 -1.155408 -0.546294 4.790430 2.442415  0.990824
 103.775326 0.615307 -1.149986 -0.544094 4.771322 2.478126  1.007720
 104.586071 0.625900 -1.144485 -0.541857 4.751858 2.513717  1.024571
 105.396817 0.636449 -1.138904 -0.539582 4.732038 2.549185  1.041375
 106.207563 0.646954 -1.133245 -0.537270 4.711862 2.584526  1.058130
 107.018309 0.657414 -1.127507 -0.534921 4.691331 2.619737  1.074835
 107.829054 0.667829 -1.121691 -0.532535 4.670447 2.654815  1.091489
 108.639800 0.678198 -1.115798 -0.530112 4.649209 2.689756  1.108089
 109.450546 0.688519 -1.109827 -0.527652 4.627619 2.724557  1.124635
 110.261292 0.698792 -1.103778 -0.525156 4.605678 2.759215  1.141124
 111.072037 0.709017 -1.097653 -0.522622 4.583386 2.793726  1.157556
 111.882783 0.719192 -1.091450 -0.520052 4.560744 2.828086  1.173928
 112.693529 0.729317 -1.085172 -0.517446 4.537755 2.862294  1.190239
 113.504275 0.739390 -1.078818 -0.514804 4.514417 2.896344  1.206488
 114.315020 0.749412 -1.072388 -0.512126 4.490734 2.930234  1.222672
 115.125766 0.759382 -1.065883 -0.509411 4.466706 2.963961  1.238791
 115.936512 0.769298 -1.059303 -0.506661 4.442333 2.997521  1.254842
 116.747258 0.779160 -1.052648 -0.503875 4.417619 3.030910  1.270825
 117.558003 0.788967 -1.045920 -0.501054 4.392563 3.064126  1.286738
 118.368749 0.798719 -1.039117 -0.498198 4.367167 3.097166  1.302578
 119.179495 0.808414 -1.032242 -0.495306 4.341433 3.130025  1.318345
 119.990241 0.818052 -1.025293 -0.492379 4.315363 3.162700  1.334037
 120.800986 0.827632 -1.018272 -0.489418 4.288956 3.195189  1.349652
 121.611732 0.837153 -1.011179 -0.486421 4.262216 3.227488  1.365189
 122.422478 0.846615 -1.004013 -0.483391 4.235144 3.259593  1.380647
 123.233224 0.856017 -0.996777 -0.480326 4.207741 3.291502  1.396023
 124.043969 0.865359 -0.989470 -0.477226 4.180010 3.323211  1.411316
 124.854715 0.874638 -0.982093 -0.474093 4.151951 3.354717  1.426525
 125.665461 0.883856 -0.974645 -0.470926 4.123567 3.386016  1.441648
 126.476207 0.893010 -0.967128 -0.467726 4.094860 3.417106  1.456684
 127.286952 0.902100 -0.959542 -0.464492 4.065831 3.447983  1.471631
 128.097698 0.911127 -0.951888 -0.461225 4.036483 3.478644  1.486488
 128.908444 0.920088 -0.944165 -0.457925 4.006817 3.509087  1.501252
 129.719190 0.928983 -0.936375 -0.454592 3.976835 3.539307  1.515923
 130.529935 0.937811 -0.928518 -0.451227 3.946541 3.569301  1.530500
 131.340681 0.946573 -0.920594 -0.447829 3.915934 3.599067  1.544980
 132.151427 0.955266 -0.912604 -0.444399 3.885019 3.628602  1.559362
 132.962173 0.963891 -0.904548 -0.440938 3.853797 3.657902  1.573644
 133.772918 0.972446 -0.896428 -0.437444 3.822271 3.686964  1.587826
 134.583664 0.980932 -0.888243 -0.433919 3.790442 3.715785  1.601906
 135.394410 0.989346 -0.879994 -0.430363 3.758313 3.744363  1.615882
 136.205156 0.997690 -0.871681 -0.426776 3.725887 3.772693  1.629753
 137.015901 1.005961 -0.863306 -0.423158 3.693166 3.800774  1.643517
 137.826647 1.014160 -0.854868 -0.419509 3.660152 3.828603  1.657173
 138.637393 1.022286 -0.846369 -0.415830 3.626848 3.856175  1.670720
 139.448139 1.030337 -0.837808 -0.412121 3.593257 3.883489  1.684156
 140.258884 1.038314 -0.829187 -0.408382 3.559382 3.910542  1.697479
 141.069630 1.046216 -0.820505 -0.404614 3.525224 3.937331  1.710690
 141.880376 1.054042 -0.811764 -0.400816 3.490787 3.963852  1.723785
 142.691122 1.061792 -0.802965 -0.396989 3.456073 3.990104  1.736764
 143.501867 1.069464 -0.794106 -0.393134 3.421086 4.016083  1.749625
 144.312613 1.077059 -0.785191 -0.389250 3.385828 4.041786  1.762367
 145.123359 1.084576 -0.776218 -0.385337 3.350302 4.067212  1.774989
 145.934105 1.092013 -0.767189 -0.381397 3.314511 4.092357  1.787490
 146.744850 1.099371 -0.758104 -0.377428 3.278458 4.117218  1.799867
 147.555596 1.106650 -0.748964 -0.373433 3.242146 4.141794  1.812121
 148.366342 1.113847 -0.739769 -0.369410 3.205577 4.166081  1.824249
 149.177088 1.120964 -0.730520 -0.365360 3.168756 4.190077  1.836250
 149.987833 1.127998 -0.721218 -0.361284 3.131686 4.213779  1.848123
 150.798579 1.134950 -0.711863 -0.357181 3.094368 4.237185  1.859867
 151.609325 1.141820 -0.702457 -0.353052 3.056808 4.260293  1.871481
 152.420071 1.148606 -0.692999 -0.348897 3.019007 4.283100  1.882963
 153.230816 1.155308 -0.683491 -0.344717 2.980969 4.305603  1.894313
 154.041562 1.161926 -0.673932 -0.340512 2.942698 4.327801  1.905528
 154.852308 1.168459 -0.664324 -0.336281 2.904197 4.349690  1.916609
 155.663054 1.174906 -0.654668 -0.332026 2.865469 4.371270  1.927553
 156.473800 1.181268 -0.644964 -0.327747 2.826518 4.392537  1.938360
 157.284545 1.187542 -0.635212 -0.323444 2.787347 4.413489  1.949029
 158.095291 1.193730 -0.625415 -0.319117 2.747960 4.434125  1.959559
 158.906037 1.199831 -0.615571 -0.314767 2.708360 4.454442  1.969947
 159.716783 1.205843 -0.605682 -0.310394 2.668551 4.474437  1.980195
 160.527528 1.211767 -0.595749 -0.305998 2.628536 4.494110  1.990299
 161.338274 1.217603 -0.585772 -0.301579 2.588319 4.513458  2.000260
 162.149020 1.223349 -0.575752 -0.297139 2.547904 4.532479  2.010077
 162.959766 1.229005 -0.565690 -0.292676 2.507294 4.551171  2.019748
 163.770511 1.234571 -0.555586 -0.288192 2.466493 4.569532  2.029272
 164.581257 1.240047 -0.545442 -0.283687 2.425504 4.587561  2.038649
 165.392003 1.245432 -0.535257 -0.279162 2.384333 4.605256  2.047877
 166.202749 1.250725 -0.525034 -0.274615 2.342981 4.622614  2.056957
 167.013494 1.255926 -0.514772 -0.270049 2.301454 4.639635  2.065886
 167.824240 1.261036 -0.504472 -0.265463 2.259755 4.656317  2.074664
 168.634986 1.266052 -0.494135 -0.260857 2.217888 4.672658  2.083290
 169.445732 1.270976 -0.483761 -0.256232 2.175856 4.688656  2.091764
 170.256477 1.275806 -0.473352 -0.251588 2.133664 4.704310  2.100084
 171.067223 1.280543 -0.462909 -0.246926 2.091315 4.719619  2.108250
 171.877969 1.285186 -0.452431 -0.242246 2.048814 4.734580  2.116261
 172.688715 1.289734 -0.441921 -0.237548 2.006165 4.749194  2.124117
 173.499460 1.294188 -0.431377 -0.232832 1.963371 4.763458  2.131816
 174.310206 1.298547 -0.420802 -0.228100 1.920437 4.777371  2.139357
 175.120952 1.302810 -0.410197 -0.223350 1.877366 4.790932  2.146741
 175.931698 1.306978 -0.399561 -0.218584 1.834162 4.804140  2.153967
 176.742443 1.311049 -0.388896 -0.213803 1.790831 4.816994  2.161033
 177.553189 1.315025 -0.378202 -0.209005 1.747375 4.829492  2.167940
 178.363935 1.318904 -0.367480 -0.204192 1.703798 4.841633  2.174686
 179.174681 1.322687 -0.356732 -0.199364 1.660106 4.853417  2.181272
 179.985426 1.326372 -0.345957 -0.194522 1.616302 4.864843  2.187696
 180.796172 1.329960 -0.335157 -0.189665 1.572390 4.875909  2.193959
 181.606918 1.333451 -0.324333 -0.184795 1.528374 4.886615  2.200059
 182.417664 1.336844 -0.313485 -0.179911 1.484258 4.896959  2.205996
 183.228409 1.340139 -0.302613 -0.175013 1.440047 4.906943  2.211769
 184.039144 1.343336 -0.291720 -0.170103 1.395745 4.916563  2.217379
 184.849879 1.346435 -0.280805 -0.165181 1.351356 4.925821  2.222825
 185.660614 1.349435 -0.269870 -0.160246 1.306884 4.934715  2.228106
 186.471349 1.352336 -0.258915 -0.155300 1.262333 4.943244  2.233222
 187.282084 1.355138 -0.247941 -0.150342 1.217707 4.951409  2.238173
 188.092819 1.357842 -0.236949 -0.145373 1.173012 4.959209  2.242958
 188.903553 1.360446 -0.225939 -0.140394 1.128250 4.966643  2.247577
 189.714288 1.362950 -0.214913 -0.135404 1.083426 4.973711  2.252030
 190.525023 1.365356 -0.203872 -0.130405 1.038544 4.980412  2.256317
 191.335758 1.367661 -0.192815 -0.125396 0.993609 4.986747  2.260437
 192.146493 1.369867 -0.181745 -0.120377 0.948624 4.992716  2.264390
 192.957228 1.371973 -0.170661 -0.115350 0.903594 4.998317  2.268176
 193.767963 1.373979 -0.159565 -0.110315 0.858524 5.003551  2.271795
 194.578697 1.375885 -0.148457 -0.105272 0.813416 5.008418  2.275246
 195.389432 1.377691 -0.137338 -0.100221 0.768276 5.012918  2.278530
 196.200167 1.379396 -0.126209 -0.095162 0.723107 5.017051  2.281646
 197.010902 1.381001 -0.115071 -0.090097 0.677915 5.020817  2.284594
 197.821637 1.382506 -0.103925 -0.085025 0.632702 5.024215  2.287375
 198.632372 1.383911 -0.092771 -0.079947 0.587473 5.027247  2.289988
 199.443107 1.385215 -0.081611 -0.074863 0.542232 5.029913  2.292433
 200.253842 1.386419 -0.070445 -0.069774 0.496984 5.032212  2.294710
 201.064576 1.387522 -0.059273 -0.064680 0.451733 5.034145  2.296819
 201.875311 1.388525 -0.048097 -0.059581 0.406482 5.035712  2.298761
 202.686046 1.389427 -0.036918 -0.054478 0.361236 5.036914  2.300535
 203.496781 1.390229 -0.025736 -0.049371 0.315998 5.037752  2.302141
 204.307516 1.390931 -0.014552 -0.044260 0.270774 5.038225  2.303580
 205.118251 1.391532 -0.003367 -0.039146 0.225567 5.038334  2.304852
 205.928986 1.392033 0.007818 -0.034029 0.180381 5.038081  2.305957
 206.739720 1.392433 0.019002 -0.028910 0.135220 5.037464  2.306894
 207.550455 1.392733 0.030185 -0.023789 0.090089 5.036486  2.307665
 208.361190 1.392933 0.041366 -0.018666 0.044990 5.035147  2.308270
 209.171925 1.393033 0.052544 -0.013541 -0.000071 5.033447  2.308708
 209.982660 1.393033 0.063719 -0.008416 -0.045091 5.031388  2.308980
 210.793395 1.392933 0.074888 -0.003290 -0.090065 5.028970  2.309086
 211.604130 1.392733 0.086053 0.001836 -0.134991 5.026194  2.309027
 212.414865 1.392433 0.097211 0.006962 -0.179863 5.023061  2.308802
 213.225599 1.392034 0.108362 0.012088 -0.224679 5.019573  2.308413
 214.036334 1.391535 0.119506 0.017212 -0.269434 5.015729  2.307860
 214.847069 1.390937 0.130640 0.022336 -0.314124 5.011532  2.307142
 215.657804 1.390240 0.141766 0.027458 -0.358745 5.006982  2.306261
 216.468539 1.389443 0.152882 0.032578 -0.403294 5.002080  2.305216
 217.279274 1.388548 0.163986 0.037695 -0.447767 4.996828  2.304009
 218.090009 1.387554 0.175079 0.042810 -0.492160 4.991226  2.302639
 218.900744 1.386461 0.186160 0.047922 -0.536469 4.985277  2.301108
 219.711478 1.385271 0.197227 0.053030 -0.580690 4.978981  2.299415
 220.522213 1.383981 0.208280 0.058135 -0.624821 4.972340  2.297561
 221.332948 1.382594 0.219319 0.063236 -0.668857 4.965354  2.295547
 222.143683 1.381109 0.230342 0.068332 -0.712794 4.958026  2.293373
 222.954418 1.379527 0.241349 0.073423 -0.756629 4.950357  2.291040
 223.765153 1.377847 0.252339 0.078509 -0.800359 4.942349  2.288548
 224.575888 1.376071 0.263311 0.083590 -0.843980 4.934002  2.285899
 225.386622 1.374197 0.274264 0.088664 -0.887487 4.925319  2.283091
 226.197357 1.372227 0.285198 0.093733 -0.930879 4.916300  2.280127
 227.008092 1.370160 0.296112 0.098795 -0.974151 4.906949  2.277007
 227.818827 1.367997 0.307006 0.103850 -1.017299 4.897265  2.273732
 228.629562 1.365739 0.317878 0.108897 -1.060322 4.887252  2.270301
 229.440297 1.363385 0.328728 0.113938 -1.103214 4.876910  2.266717
 230.251032 1.360936 0.339554 0.118970 -1.145973 4.866241  2.262979
 231.061767 1.358392 0.350357 0.123993 -1.188595 4.855248  2.259089
 231.872501 1.355753 0.361136 0.129009 -1.231078 4.843932  2.255046
 232.683236 1.353020 0.371890 0.134015 -1.273417 4.832295  2.250852
 233.493971 1.350193 0.382617 0.139012 -1.315610 4.820338  2.246508
 234.304706 1.347273 0.393318 0.143999 -1.357654 4.808064  2.242015
 235.115441 1.344259 0.403992 0.148976 -1.399544 4.795474  2.237372
 235.926176 1.341152 0.414638 0.153943 -1.441280 4.782571  2.232582
 236.736911 1.337952 0.425256 0.158900 -1.482856 4.769357  2.227644
 237.547645 1.334660 0.435843 0.163845 -1.524270 4.755833  2.222560
 238.358380 1.331276 0.446401 0.168779 -1.565519 4.742001  2.217330
 239.169115 1.327801 0.456929 0.173701 -1.606601 4.727864  2.211956
 239.979850 1.324234 0.467425 0.178612 -1.647512 4.713423  2.206438
 240.790585 1.320577 0.477888 0.183510 -1.688248 4.698682  2.200777
 241.601320 1.316829 0.488319 0.188396 -1.728809 4.683641  2.194974
 242.412055 1.312991 0.498717 0.193269 -1.769189 4.668303  2.189030
 243.222790 1.309063 0.509081 0.198129 -1.809388 4.652670  2.182946
 244.033524 1.305046 0.519410 0.202975 -1.849402 4.636744  2.176723
 244.844259 1.300941 0.529703 0.207807 -1.889227 4.620529  2.170361
 245.654994 1.296747 0.539961 0.212625 -1.928863 4.604025  2.163862
 246.465729 1.292465 0.550182 0.217429 -1.968305 4.587235  2.157227
 247.276464 1.288095 0.560365 0.222218 -2.007552 4.570161  2.150456
 248.087199 1.283638 0.570511 0.226992 -2.046600 4.552806  2.143551
 248.897934 1.279095 0.580618 0.231751 -2.085448 4.535172  2.136513
 249.708668 1.274465 0.590686 0.236494 -2.124092 4.517261  2.129342
 250.519403 1.269749 0.600715 0.241221 -2.162530 4.499076  2.122039
 251.330138 1.264949 0.610703 0.245932 -2.200761 4.480619  2.114606
 252.140873 1.260063 0.620650 0.250626 -2.238781 4.461892  2.107044
 252.951608 1.255093 0.630555 0.255304 -2.276587 4.442898  2.099354
 253.762343 1.250039 0.640418 0.259964 -2.314179 4.423639  2.091536
 254.573078 1.244901 0.650239 0.264608 -2.351553 4.404118  2.083592
 255.383813 1.239681 0.660016 0.269233 -2.388707 4.384337  2.075523
 256.194547 1.234378 0.669749 0.273841 -2.425640 4.364298  2.067330
 257.005282 1.228993 0.679438 0.278430 -2.462348 4.344004  2.059013
 257.816017 1.223527 0.689082 0.283001 -2.498830 4.323458  2.050575
 258.626752 1.217979 0.698680 0.287554 -2.535084 4.302661  2.042016
 259.437487 1.212351 0.708232 0.292087 -2.571107 4.281617  2.033337
 260.248222 1.206644 0.717737 0.296601 -2.606898 4.260328  2.024539
 261.058957 1.200856 0.727195 0.301095 -2.642455 4.238796  2.015624
 261.869692 1.194990 0.736605 0.305570 -2.677775 4.217024  2.006592
 262.680426 1.189045 0.745967 0.310025 -2.712857 4.195015  1.997445
 263.491161 1.183023 0.755280 0.314459 -2.747699 4.172770  1.988184
 264.301896 1.176923 0.764543 0.318873 -2.782299 4.150294  1.978809
 265.112631 1.170746 0.773757 0.323266 -2.816656 4.127587  1.969323
 265.923366 1.164493 0.782920 0.327638 -2.850767 4.104653  1.959725
 266.734101 1.158164 0.792032 0.331988 -2.884631 4.081495  1.950018
 267.544836 1.151761 0.801093 0.336317 -2.918247 4.058114  1.940203
 268.355570 1.145282 0.810102 0.340625 -2.951612 4.034513  1.930279
 269.166305 1.138730 0.819059 0.344910 -2.984725 4.010696  1.920250
 269.977040 1.132103 0.827963 0.349173 -3.017584 3.986664  1.910115
 270.787775 1.125404 0.836813 0.353413 -3.050188 3.962421  1.899876
 271.598510 1.118633 0.845610 0.357631 -3.082536 3.937968  1.889534
 272.409245 1.111790 0.854352 0.361826 -3.114626 3.913309  1.879091
 273.219980 1.104875 0.863039 0.365997 -3.146456 3.888446  1.868547
 274.030715 1.097890 0.871672 0.370145 -3.178025 3.863381  1.857904
 274.841449 1.090835 0.880248 0.374270 -3.209332 3.838118  1.847162
 275.652184 1.083710 0.888769 0.378371 -3.240376 3.812659  1.836323
 276.462919 1.076517 0.897233 0.382447 -3.271155 3.787006  1.825389
 277.273654 1.069255 0.905640 0.386500 -3.301668 3.761162  1.814359
 278.084389 1.061925 0.913990 0.390528 -3.331914 3.735129  1.803236
 278.895124 1.054528 0.922282 0.394531 -3.361891 3.708911  1.792021
 279.705859 1.047065 0.930516 0.398509 -3.391599 3.682510  1.780714
 280.516593 1.039535 0.938691 0.402462 -3.421036 3.655929  1.769317
 281.327328 1.031941 0.946807 0.406390 -3.450202 3.629169  1.757832
 282.138063 1.024281 0.954864 0.410292 -3.479095 3.602235  1.746258
 282.948798 1.016558 0.962861 0.414169 -3.507714 3.575127  1.734598
 283.759533 1.008770 0.970798 0.418020 -3.536058 3.547850  1.722853
 284.570268 1.000920 0.978674 0.421845 -3.564127 3.520405  1.711023
 285.381003 0.993008 0.986489 0.425643 -3.591919 3.492795  1.699110
 286.191738 0.985034 0.994243 0.429415 -3.619434 3.465023  1.687115
 287.002472 0.976999 1.001936 0.433161 -3.646671 3.437091  1.675040
 287.813207 0.968903 1.009566 0.436879 -3.673628 3.409002  1.662884
 288.623942 0.960748 1.017134 0.440571 -3.700306 3.380759  1.650651
 289.434677 0.952533 1.024639 0.444235 -3.726703 3.352363  1.638340
 290.245412 0.944260 1.032081 0.447872 -3.752819 3.323819  1.625953
 291.056147 0.935929 1.039460 0.451482 -3.778653 3.295127  1.613491
 291.866882 0.927540 1.046776 0.455064 -3.804204 3.266291  1.600955
 292.677617 0.919095 1.054027 0.458618 -3.829473 3.237313  1.588346
 293.488351 0.910593 1.061214 0.462144 -3.854457 3.208196  1.575666
 294.299086 0.902036 1.068336 0.465642 -3.879157 3.178942  1.562916
 295.109821 0.893425 1.075393 0.469112 -3.903572 3.149555  1.550096
 295.920556 0.884759 1.082385 0.472553 -3.927702 3.120035  1.537208
 296.731291 0.876039 1.089311 0.475966 -3.951546 3.090386  1.524254
 297.542026 0.867267 1.096172 0.479349 -3.975103 3.060611  1.511233
 298.352761 0.858442 1.102967 0.482704 -3.998374 3.030712  1.498148
 299.163495 0.849566 1.109695 0.486030 -4.021357 3.000691  1.484999
 299.974230 0.840638 1.116356 0.489327 -4.044054 2.970551  1.471788
 300.784965 0.831660 1.122951 0.492594 -4.066462 2.940294  1.458515
 301.595700 0.822633 1.129478 0.495832 -4.088582 2.909922  1.445183
 302.406435 0.813556 1.135938 0.499041 -4.110414 2.879439  1.431791
 303.217170 0.804431 1.142331 0.502219 -4.131957 2.848847  1.418341
 304.027905 0.795258 1.148655 0.505368 -4.153211 2.818148  1.404835
 304.838640 0.786038 1.154912 0.508487 -4.174177 2.787344  1.391272
 305.649374 0.776771 1.161099 0.511575 -4.194853 2.756438  1.377655
 306.460109 0.767459 1.167219 0.514634 -4.215239 2.725433  1.363985
 307.270844 0.758101 1.173269 0.517662 -4.235336 2.694330  1.350262
 308.081579 0.748698 1.179251 0.520659 -4.255143 2.663132  1.336487
 308.892314 0.739252 1.185163 0.523626 -4.274661 2.631842  1.322663
 309.703049 0.729762 1.191005 0.526563 -4.293889 2.600461  1.308789
 310.513784 0.720230 1.196779 0.529468 -4.312827 2.568993  1.294867
 311.324518 0.710655 1.202482 0.532343 -4.331475 2.537438  1.280898
 312.135253 0.701040 1.208115 0.535186 -4.349833 2.505801  1.266883
 312.945988 0.691383 1.213678 0.537999 -4.367902 2.474083  1.252823
 313.756723 0.681686 1.219170 0.540780 -4.385680 2.442286  1.238719
 314.567458 0.671950 1.224592 0.543530 -4.403170 2.410413  1.224572
 315.378193 0.662175 1.229943 0.546249 -4.420369 2.378466  1.210383
 316.188928 0.652362 1.235223 0.548936 -4.437280 2.346447  1.196154
 316.999663 0.642511 1.240432 0.551591 -4.453901 2.314358  1.181885
 317.810397 0.632623 1.245570 0.554215 -4.470233 2.282202  1.167577
 318.621132 0.622699 1.250637 0.556807 -4.486276 2.249981  1.153232
 319.431867 0.612740 1.255632 0.559367 -4.502030 2.217697  1.138850
 320.242602 0.602745 1.260555 0.561895 -4.517496 2.185353  1.124432
 321.053337 0.592716 1.265407 0.564392 -4.532674 2.152950  1.109980
 321.864072 0.582654 1.270186 0.566856 -4.547563 2.120490  1.095494
 322.674807 0.572558 1.274894 0.569288 -4.562165 2.087976  1.080975
 323.485541 0.562430 1.279529 0.571687 -4.576480 2.055411  1.066425
 324.296276 0.552271 1.284092 0.574055 -4.590507 2.022795  1.051844
 325.107011 0.542080 1.288582 0.576390 -4.604248 1.990132  1.037234
 325.917746 0.531858 1.293001 0.578693 -4.617703 1.957422  1.022594
 326.728481 0.521607 1.297346 0.580963 -4.630871 1.924670  1.007927
 327.539216 0.511326 1.301619 0.583200 -4.643754 1.891875  0.993234
 328.349951 0.501017 1.305819 0.585405 -4.656352 1.859041  0.978514
 329.160686 0.490680 1.309946 0.587578 -4.668665 1.826170  0.963770
 329.971420 0.480316 1.314000 0.589717 -4.680693 1.793264  0.949001
 330.782155 0.469925 1.317981 0.591824 -4.692438 1.760324  0.934210
 331.592890 0.459507 1.321889 0.593898 -4.703899 1.727352  0.919397
 332.403625 0.449065 1.325724 0.595939 -4.715078 1.694352  0.904562
 333.214360 0.438597 1.329485 0.597947 -4.725974 1.661324  0.889708
 334.025095 0.428106 1.333173 0.599922 -4.736588 1.628270  0.874834
 334.835830 0.417590 1.336788 0.601864 -4.746920 1.595193  0.859941
 335.646565 0.407052 1.340329 0.603774 -4.756972 1.562094  0.845031
 336.457299 0.396492 1.343797 0.605649 -4.766744 1.528976  0.830105
 337.268034 0.385910 1.347191 0.607492 -4.776236 1.495840  0.815163
 338.078769 0.375306 1.350512 0.609302 -4.785449 1.462689  0.800206
 338.889504 0.364683 1.353759 0.611078 -4.794383 1.429523  0.785235
 339.700239 0.354039 1.356933 0.612822 -4.803039 1.396345  0.770252
 340.510974 0.343376 1.360033 0.614532 -4.811419 1.363158  0.755256
 341.321709 0.332695 1.363059 0.616208 -4.819521 1.329961  0.740248
 342.132443 0.321996 1.366012 0.617852 -4.827348 1.296758  0.725231
 342.943178 0.311279 1.368890 0.619462 -4.834899 1.263551  0.710203
 343.753913 0.300545 1.371695 0.621038 -4.842175 1.230340  0.695167
 344.564648 0.289796 1.374427 0.622582 -4.849178 1.197129  0.680123
 345.375383 0.279031 1.377084 0.624091 -4.855907 1.163918  0.665072
 346.186118 0.268251 1.379668 0.625568 -4.862364 1.130709  0.650015
 346.996853 0.257456 1.382179 0.627011 -4.868549 1.097505  0.634952
 347.807588 0.246648 1.384615 0.628421 -4.874463 1.064306  0.619884
 348.618322 0.235827 1.386978 0.629797 -4.880106 1.031115  0.604813
 349.429057 0.224993 1.389267 0.631139 -4.885480 0.997933  0.589738
 350.239792 0.214147 1.391482 0.632449 -4.890585 0.964762  0.574662
 351.050527 0.203290 1.393624 0.633724 -4.895422 0.931604  0.559584
 351.861262 0.192422 1.395692 0.634967 -4.899992 0.898460  0.544505
 352.671997 0.181544 1.397687 0.636175 -4.904295 0.865332  0.529426
 353.482732 0.170657 1.399608 0.637351 -4.908332 0.832221  0.514348
 354.293466 0.159760 1.401455 0.638493 -4.912104 0.799130  0.499272
 355.104201 0.148855 1.403229 0.639601 -4.915612 0.766059  0.484198
 355.914936 0.137943 1.404930 0.640676 -4.918857 0.733011  0.469128
 356.725671 0.127023 1.406557 0.641717 -4.921839 0.699986  0.454061
 357.536406 0.116096 1.408111 0.642725 -4.924560 0.666987  0.438999
 358.347141 0.105164 1.409592 0.643700 -4.927020 0.634015  0.423942
 359.157876 0.094226 1.410999 0.644641 -4.929220 0.601072  0.408891
 359.968611 0.083283 1.412334 0.645549 -4.931161 0.568159  0.393847
 360.779345 0.072336 1.413595 0.646423 -4.932843 0.535277  0.378811
 361.590080 0.061385 1.414784 0.647264 -4.934269 0.502429  0.363782
 362.400815 0.050431 1.415899 0.648072 -4.935437 0.469615  0.348763
 363.211550 0.039474 1.416941 0.648846 -4.936350 0.436837  0.333754
 364.022285 0.028515 1.417911 0.649587 -4.937009 0.404097  0.318754
 364.833020 0.017555 1.418808 0.650295 -4.937414 0.371396  0.303766
 365.643755 0.006594 1.419633 0.650969 -4.937565 0.338735  0.288790
 366.454511 -0.004367 1.420385 0.651610 -4.937465 0.306116  0.273825
 367.265268 -0.015329 1.421064 0.652218 -4.937114 0.273540  0.258874
 368.076025 -0.026289 1.421672 0.652793 -4.936512 0.241009  0.243937
 368.886781 -0.037248 1.422207 0.653334 -4.935661 0.208524  0.229014
 369.697538 -0.048205 1.422670 0.653843 -4.934562 0.176086  0.214106
 370.508294 -0.059160 1.423061 0.654318 -4.933216 0.143697  0.199213
 371.319051 -0.070112 1.423380 0.654760 -4.931623 0.111358  0.184337
 372.129808 -0.081060 1.423627 0.655169 -4.929784 0.079070  0.169478
 372.940564 -0.092004 1.423802 0.655546 -4.927701 0.046835  0.154636
 373.751321 -0.102943 1.423906 0.655889 -4.925375 0.014654  0.139813
 374.562078 -0.113878 1.423939 0.656199 -4.922806 -0.017471  0.125008
 375.372834 -0.124806 1.423900 0.656477 -4.919995 -0.049540  0.110223
 376.183591 -0.135729 1.423790 0.656721 -4.916943 -0.081551  0.095458
 376.994348 -0.146644 1.423609 0.656933 -4.913652 -0.113503  0.080714
 377.805104 -0.157553 1.423357 0.657113 -4.910122 -0.145395  0.065991
 378.615861 -0.168453 1.423034 0.657259 -4.906354 -0.177225  0.051289
 379.426617 -0.179345 1.422641 0.657373 -4.902349 -0.208992  0.036610
 380.237374 -0.190228 1.422177 0.657454 -4.898108 -0.240695  0.021955
 381.048131 -0.201102 1.421642 0.657503 -4.893633 -0.272333  0.007322
 381.858887 -0.211966 1.421038 0.657519 -4.888924 -0.303904  -0.007286
 382.669644 -0.222820 1.420363 0.657503 -4.883982 -0.335408  -0.021869
 383.480401 -0.233662 1.419619 0.657455 -4.878808 -0.366842  -0.036427
 384.291157 -0.244493 1.418804 0.657374 -4.873403 -0.398207  -0.050960
 385.101914 -0.255312 1.417920 0.657261 -4.867768 -0.429501  -0.065466
 385.912671 -0.266118 1.416967 0.657115 -4.861904 -0.460723  -0.079944
 386.723427 -0.276912 1.415944 0.656938 -4.855813 -0.491871  -0.094396
 387.534184 -0.287692 1.414852 0.656728 -4.849494 -0.522945  -0.108819
 388.344940 -0.298458 1.413691 0.656487 -4.842950 -0.553943  -0.123214
 389.155697 -0.309209 1.412461 0.656213 -4.836181 -0.584864  -0.137580
 389.966454 -0.319945 1.411163 0.655908 -4.829188 -0.615708  -0.151916
 390.777210 -0.330666 1.409796 0.655570 -4.821972 -0.646473  -0.166222
 391.587967 -0.341371 1.408361 0.655201 -4.814534 -0.677158  -0.180497
 392.398724 -0.352059 1.406858 0.654801 -4.806876 -0.707762  -0.194741
 393.209480 -0.362730 1.405286 0.654368 -4.798997 -0.738284  -0.208954
 394.020237 -0.373384 1.403647 0.653904 -4.790900 -0.768723  -0.223134
 394.830994 -0.384020 1.401941 0.653409 -4.782586 -0.799078  -0.237282
 395.641750 -0.394637 1.400167 0.652882 -4.774054 -0.829347  -0.251397
 396.452507 -0.405236 1.398326 0.652324 -4.765307 -0.859531  -0.265477
 397.263263 -0.415815 1.396417 0.651735 -4.756345 -0.889628  -0.279524
 398.074020 -0.426374 1.394443 0.651114 -4.747169 -0.919637  -0.293536
 398.884777 -0.436912 1.392401 0.650463 -4.737781 -0.949557  -0.307513
 399.695533 -0.447430 1.390293 0.649780 -4.728181 -0.979386  -0.321455
 400.506290 -0.457927 1.388119 0.649066 -4.718370 -1.009125  -0.335360
 401.317047 -0.468402 1.385878 0.648322 -4.708350 -1.038772  -0.349229
 402.127803 -0.478854 1.383572 0.647547 -4.698121 -1.068327  -0.363062
 402.938560 -0.489284 1.381201 0.646741 -4.687685 -1.097787  -0.376856
 403.749317 -0.499691 1.378764 0.645904 -4.677042 -1.127153  -0.390613
 404.560073 -0.510074 1.376261 0.645037 -4.666194 -1.156423  -0.404332
 405.370830 -0.520433 1.373694 0.644139 -4.655141 -1.185597  -0.418012
 406.181586 -0.530767 1.371062 0.643211 -4.643885 -1.214674  -0.431653
 406.992343 -0.541076 1.368365 0.642253 -4.632427 -1.243652  -0.445254
 407.803100 -0.551360 1.365605 0.641264 -4.620767 -1.272531  -0.458815
 408.613856 -0.561619 1.362780 0.640246 -4.608907 -1.301310  -0.472336
 409.424613 -0.571850 1.359891 0.639197 -4.596847 -1.329988  -0.485815
 410.235370 -0.582055 1.356938 0.638119 -4.584589 -1.358565  -0.499254
 411.046126 -0.592233 1.353922 0.637010 -4.572134 -1.387039  -0.512651
 411.856883 -0.602383 1.350843 0.635872 -4.559482 -1.415410  -0.526006
 412.667639 -0.612505 1.347701 0.634705 -4.546636 -1.443677  -0.539318
 413.478396 -0.622599 1.344496 0.633507 -4.533595 -1.471838  -0.552587
 414.289153 -0.632663 1.341228 0.632281 -4.520361 -1.499894  -0.565813
 415.099909 -0.642699 1.337898 0.631024 -4.506935 -1.527843  -0.578996
 415.910666 -0.652704 1.334507 0.629739 -4.493317 -1.555685  -0.592134
 416.721423 -0.662679 1.331053 0.628425 -4.479510 -1.583418  -0.605227
 417.532179 -0.672624 1.327538 0.627081 -4.465513 -1.611043  -0.618276
 418.342936 -0.682537 1.323961 0.625708 -4.451329 -1.638558  -0.631280
 419.153693 -0.692419 1.320324 0.624307 -4.436957 -1.665962  -0.644238
 419.964449 -0.702269 1.316625 0.622877 -4.422399 -1.693255  -0.657150
 420.775206 -0.712087 1.312866 0.621418 -4.407657 -1.720436  -0.670015
 421.585962 -0.721872 1.309047 0.619930 -4.392730 -1.747505  -0.682834
 422.396719 -0.731624 1.305167 0.618415 -4.377620 -1.774459  -0.695606
 423.207476 -0.741342 1.301228 0.616870 -4.362328 -1.801300  -0.708330
 424.018232 -0.751026 1.297229 0.615298 -4.346856 -1.828025  -0.721007
 424.828989 -0.760676 1.293171 0.613697 -4.331203 -1.854635  -0.733635
 425.639746 -0.770292 1.289054 0.612068 -4.315371 -1.881129  -0.746215
 426.450502 -0.779872 1.284878 0.610412 -4.299362 -1.907505  -0.758745
 427.261259 -0.789416 1.280643 0.608727 -4.283176 -1.933764  -0.771227
 428.072016 -0.798925 1.276350 0.607015 -4.266813 -1.959904  -0.783659
 428.882772 -0.808397 1.271999 0.605276 -4.250276 -1.985925  -0.796041
 429.693529 -0.817833 1.267590 0.603508 -4.233565 -2.011827  -0.808373
 430.504285 -0.827231 1.263124 0.601714 -4.216681 -2.037607  -0.820654
 431.315042 -0.836593 1.258600 0.599892 -4.199625 -2.063267  -0.832884
 432.125799 -0.845916 1.254020 0.598043 -4.182398 -2.088805  -0.845063
 432.936555 -0.855201 1.249383 0.596167 -4.165001 -2.114220  -0.857190
 433.747312 -0.864447 1.244689 0.594264 -4.147436 -2.139512  -0.869266
 434.558069 -0.873654 1.239940 0.592334 -4.129702 -2.164681  -0.881289
 435.368825 -0.882822 1.235134 0.590378 -4.111802 -2.189725  -0.893260
 436.179582 -0.891950 1.230273 0.588395 -4.093735 -2.214644  -0.905178
 436.990339 -0.901038 1.225356 0.586385 -4.075504 -2.239437  -0.917042
 437.801095 -0.910086 1.220385 0.584349 -4.057109 -2.264104  -0.928853
 438.611852 -0.919093 1.215358 0.582287 -4.038551 -2.288644  -0.940611
 439.422608 -0.928058 1.210278 0.580199 -4.019831 -2.313057  -0.952314
 440.233365 -0.936982 1.205143 0.578085 -4.000950 -2.337341  -0.963963
 441.044122 -0.945865 1.199954 0.575945 -3.981909 -2.361497  -0.975557
 441.854878 -0.954704 1.194711 0.573779 -3.962709 -2.385524  -0.987096
 442.665635 -0.963502 1.189415 0.571588 -3.943351 -2.409421  -0.998580
 443.476392 -0.972256 1.184066 0.569371 -3.923836 -2.433187  -1.010008
 444.287148 -0.980967 1.178665 0.567129 -3.904166 -2.456822  -1.021381
 445.097905 -0.989634 1.173211 0.564861 -3.884340 -2.480326  -1.032697
 445.908662 -0.998257 1.167704 0.562569 -3.864360 -2.503697  -1.043957
 446.719418 -1.006836 1.162146 0.560251 -3.844226 -2.526936  -1.055160
 447.530175 -1.015370 1.156536 0.557909 -3.823941 -2.550041  -1.066306
 448.340931 -1.023859 1.150875 0.555542 -3.803505 -2.573013  -1.077395
 449.151688 -1.032303 1.145163 0.553150 -3.782918 -2.595850  -1.088426
 449.962445 -1.040701 1.139400 0.550733 -3.762183 -2.618553  -1.099399
 450.773201 -1.049053 1.133587 0.548293 -3.741299 -2.641119  -1.110314
 451.583958 -1.057359 1.127724 0.545828 -3.720267 -2.663550  -1.121171
 452.394715 -1.065618 1.121811 0.543339 -3.699090 -2.685845  -1.131969
 453.205471 -1.073830 1.115848 0.540826 -3.677767 -2.708002  -1.142708
 454.016228 -1.081995 1.109836 0.538289 -3.656300 -2.730021  -1.153388
 454.826985 -1.090112 1.103776 0.535729 -3.634689 -2.751903  -1.164008
 455.637741 -1.098181 1.097667 0.533145 -3.612936 -2.773646  -1.174569
 456.448498 -1.106201 1.091509 0.530537 -3.591042 -2.795249  -1.185069
 457.259254 -1.114173 1.085304 0.527906 -3.569007 -2.816714  -1.195510
 458.070011 -1.122097 1.079051 0.525252 -3.546832 -2.838038  -1.205890
 458.880768 -1.129971 1.072750 0.522575 -3.524519 -2.859221  -1.216209
 459.691524 -1.137795 1.066403 0.519875 -3.502068 -2.880263  -1.226467
 460.502281 -1.145570 1.060008 0.517152 -3.479480 -2.901164  -1.236664
 461.313038 -1.153294 1.053568 0.514407 -3.456757 -2.921922  -1.246799
 462.123794 -1.160968 1.047081 0.511639 -3.433899 -2.942538  -1.256873
 462.934551 -1.168591 1.040549 0.508849 -3.410907 -2.963011  -1.266884
 463.745308 -1.176164 1.033971 0.506036 -3.387782 -2.983340  -1.276834
 464.556064 -1.183684 1.027348 0.503202 -3.364525 -3.003525  -1.286721
 465.366821 -1.191154 1.020680 0.500345 -3.341137 -3.023566  -1.296545
 466.177577 -1.198571 1.013968 0.497467 -3.317619 -3.043461  -1.306306
 466.988334 -1.205936 1.007211 0.494567 -3.293972 -3.063212  -1.316004
 467.799091 -1.213249 1.000411 0.491645 -3.270197 -3.082816  -1.325638
 468.609847 -1.220509 0.993567 0.488702 -3.246294 -3.102274  -1.335209
 469.420604 -1.227715 0.986680 0.485738 -3.222265 -3.121586  -1.344716
 470.231361 -1.234869 0.979750 0.482753 -3.198111 -3.140750  -1.354159
 471.042117 -1.241969 0.972778 0.479747 -3.173833 -3.159766  -1.363537
 471.852874 -1.249015 0.965763 0.476720 -3.149430 -3.178634  -1.372851
 472.663631 -1.256006 0.958706 0.473672 -3.124906 -3.197354  -1.382100
 473.474387 -1.262944 0.951608 0.470604 -3.100259 -3.215924  -1.391283
 474.285144 -1.269826 0.944469 0.467515 -3.075492 -3.234346  -1.400402
 475.095900 -1.276654 0.937289 0.464406 -3.050606 -3.252617  -1.409455
 475.906657 -1.283426 0.930068 0.461277 -3.025600 -3.270738  -1.418442
 476.717414 -1.290143 0.922807 0.458128 -3.000477 -3.288708  -1.427363
 477.528170 -1.296804 0.915506 0.454959 -2.975236 -3.306527  -1.436219
 478.338927 -1.303409 0.908165 0.451771 -2.949880 -3.324194  -1.445007
 479.149684 -1.309958 0.900786 0.448563 -2.924408 -3.341710  -1.453730
 479.960440 -1.316450 0.893367 0.445336 -2.898822 -3.359073  -1.462385
 480.771197 -1.322885 0.885910 0.442089 -2.873123 -3.376283  -1.470973
 481.581954 -1.329264 0.878415 0.438824 -2.847311 -3.393340  -1.479494
 482.392710 -1.335585 0.870881 0.435539 -2.821389 -3.410243  -1.487948
 483.203467 -1.341848 0.863311 0.432236 -2.795355 -3.426993  -1.496334
 484.014223 -1.348054 0.855703 0.428914 -2.769212 -3.443587  -1.504652
 484.824980 -1.354201 0.848058 0.425574 -2.742961 -3.460027  -1.512901
 485.635737 -1.360291 0.840377 0.422215 -2.716601 -3.476312  -1.521083
 486.446493 -1.366322 0.832659 0.418838 -2.690135 -3.492441  -1.529196
 487.257250 -1.372294 0.824906 0.415444 -2.663563 -3.508414  -1.537240
 488.068007 -1.378207 0.817117 0.412031 -2.636886 -3.524230  -1.545216
 488.878763 -1.384061 0.809294 0.408601 -2.610105 -3.539889  -1.553122
 489.689520 -1.389855 0.801435 0.405153 -2.583221 -3.555392  -1.560959
 490.500277 -1.395590 0.793542 0.401687 -2.556234 -3.570736  -1.568726
 491.311033 -1.401265 0.785615 0.398205 -2.529146 -3.585923  -1.576424
 492.121790 -1.406880 0.777654 0.394705 -2.501958 -3.600951  -1.584052
 492.932546 -1.412434 0.769660 0.391188 -2.474671 -3.615821  -1.591609
 493.743303 -1.417928 0.761633 0.387655 -2.447284 -3.630531  -1.599097
 494.554060 -1.423361 0.753573 0.384105 -2.419801 -3.645082  -1.606513
 495.364816 -1.428733 0.745481 0.380539 -2.392220 -3.659473  -1.613859
 496.175573 -1.434043 0.737357 0.376956 -2.364544 -3.673704  -1.621135
 496.986330 -1.439293 0.729202 0.373357 -2.336772 -3.687774  -1.628338
 497.797086 -1.444480 0.721015 0.369742 -2.308907 -3.701683  -1.635471
 498.607843 -1.449606 0.712797 0.366111 -2.280949 -3.715430  -1.642532
 499.418600 -1.454670 0.704549 0.362465 -2.252898 -3.729016  -1.649522
 500.229356 -1.459671 0.696270 0.358803 -2.224757 -3.742440  -1.656439
 501.040113 -1.464610 0.687962 0.355126 -2.196524 -3.755701  -1.663285
 501.850869 -1.469486 0.679624 0.351433 -2.168203 -3.768800  -1.670058
 502.661626 -1.474300 0.671258 0.347726 -2.139793 -3.781735  -1.676759
 503.472383 -1.479050 0.662862 0.344003 -2.111295 -3.794507  -1.683387
 504.283139 -1.483737 0.654438 0.340266 -2.082711 -3.807114  -1.689942
 505.093896 -1.488361 0.645987 0.336514 -2.054041 -3.819558  -1.696424
 505.904653 -1.492921 0.637507 0.332748 -2.025286 -3.831837  -1.702833
 506.715409 -1.497417 0.629000 0.328968 -1.996448 -3.843951  -1.709169
 507.526166 -1.501849 0.620467 0.325174 -1.967526 -3.855899  -1.715431
 508.336923 -1.506217 0.611907 0.321365 -1.938522 -3.867682  -1.721619
 509.147679 -1.510520 0.603321 0.317543 -1.909437 -3.879299  -1.727733
 509.958436 -1.514759 0.594709 0.313708 -1.880272 -3.890750  -1.733773
 510.769192 -1.518934 0.586071 0.309859 -1.851027 -3.902034  -1.739739
 511.579949 -1.523043 0.577409 0.305997 -1.821704 -3.913150  -1.745631
 512.390706 -1.527087 0.568721 0.302121 -1.792304 -3.924100  -1.751447
 513.201462 -1.531066 0.560010 0.298233 -1.762826 -3.934881  -1.757189
 514.012219 -1.534979 0.551274 0.294332 -1.733274 -3.945495  -1.762856
 514.822976 -1.538827 0.542515 0.290419 -1.703646 -3.955940  -1.768447
 515.633732 -1.542609 0.533733 0.286493 -1.673945 -3.966217  -1.773963
 516.444489 -1.546326 0.524928 0.282555 -1.644170 -3.976324  -1.779404
 517.255245 -1.549976 0.516101 0.278604 -1.614324 -3.986262  -1.784769
 518.066002 -1.553559 0.507251 0.274642 -1.584406 -3.996031  -1.790058
 518.876759 -1.557077 0.498380 0.270668 -1.554419 -4.005629  -1.795270
 519.687515 -1.560528 0.489488 0.266683 -1.524362 -4.015057  -1.800407
 520.498272 -1.563912 0.480574 0.262686 -1.494237 -4.024314  -1.805467
 521.309029 -1.567229 0.471640 0.258678 -1.464045 -4.033400  -1.810450
 522.119785 -1.570479 0.462686 0.254658 -1.433786 -4.042315  -1.815357
 522.930542 -1.573662 0.453712 0.250628 -1.403462 -4.051058  -1.820186
 523.741299 -1.576778 0.444719 0.246588 -1.373073 -4.059629  -1.824939
 524.552055 -1.579826 0.435706 0.242536 -1.342620 -4.068027  -1.829614
 525.362812 -1.582807 0.426675 0.238474 -1.312105 -4.076253  -1.834212
 526.173568 -1.585719 0.417626 0.234402 -1.281528 -4.084306  -1.838732
 526.984325 -1.588564 0.408559 0.230320 -1.250890 -4.092186  -1.843174
 527.795082 -1.591341 0.399474 0.226229 -1.220192 -4.099892  -1.847538
 528.605838 -1.594050 0.390373 0.222127 -1.189435 -4.107424  -1.851824
 529.416595 -1.596691 0.381254 0.218016 -1.158621 -4.114782  -1.856031
 530.227352 -1.599263 0.372119 0.213896 -1.127749 -4.121965  -1.860160
 531.038108 -1.601767 0.362968 0.209766 -1.096821 -4.128974  -1.864210
 531.848865 -1.604202 0.353802 0.205628 -1.065837 -4.135807  -1.868182
 532.659622 -1.606568 0.344621 0.201480 -1.034800 -4.142465  -1.872074
 533.470378 -1.608865 0.335424 0.197324 -1.003709 -4.148947  -1.875888
 534.281135 -1.611093 0.326214 0.193160 -0.972566 -4.155253  -1.879621
 535.091891 -1.613252 0.316989 0.188987 -0.941371 -4.161382  -1.883276
 535.902648 -1.615342 0.307751 0.184806 -0.910126 -4.167335  -1.886850
 536.713405 -1.617363 0.298499 0.180617 -0.878832 -4.173110  -1.890345
 537.524161 -1.619314 0.289235 0.176421 -0.847489 -4.178709  -1.893760
 538.334918 -1.621195 0.279958 0.172217 -0.816098 -4.184129  -1.897094
 539.145675 -1.623007 0.270670 0.168005 -0.784661 -4.189372  -1.900349
 539.956431 -1.624749 0.261369 0.163786 -0.753178 -4.194437  -1.903522
 540.767188 -1.626421 0.252057 0.159560 -0.721650 -4.199323  -1.906615
 541.577945 -1.628023 0.242735 0.155328 -0.690079 -4.204030  -1.909628
 542.388701 -1.629555 0.233402 0.151088 -0.658465 -4.208558  -1.912559
 543.199458 -1.631017 0.224059 0.146842 -0.626809 -4.212907  -1.915409
 544.010214 -1.632408 0.214706 0.142590 -0.595112 -4.217076  -1.918178
 544.820971 -1.633729 0.205344 0.138332 -0.563376 -4.221065  -1.920865
 545.631728 -1.634980 0.195974 0.134068 -0.531600 -4.224874  -1.923470
 546.442484 -1.636160 0.186594 0.129798 -0.499787 -4.228502  -1.925994
 547.253241 -1.637270 0.177207 0.125522 -0.467937 -4.231949  -1.928436
 548.063998 -1.638308 0.167812 0.121241 -0.436051 -4.235215  -1.930796
 548.874754 -1.639276 0.158410 0.116954 -0.404130 -4.238300  -1.933073
 549.685511 -1.640174 0.149001 0.112663 -0.372175 -4.241203  -1.935268
 550.496268 -1.641000 0.139586 0.108367 -0.340187 -4.243924  -1.937380
 551.307024 -1.641755 0.130164 0.104066 -0.308167 -4.246462  -1.939410
 552.117781 -1.642439 0.120737 0.099760 -0.276117 -4.248818  -1.941357
 552.928537 -1.643052 0.111305 0.095450 -0.244036 -4.250992  -1.943220
 553.739294 -1.643594 0.101867 0.091136 -0.211926 -4.252982  -1.945001
 554.550051 -1.644064 0.092426 0.086818 -0.179789 -4.254788  -1.946698
 555.360807 -1.644464 0.082980 0.082497 -0.147625 -4.256411  -1.948311
 556.171564 -1.644791 0.073531 0.078172 -0.115435 -4.257850  -1.949841
 556.982321 -1.645048 0.064078 0.073843 -0.083219 -4.259105  -1.951287
 557.793077 -1.645232 0.054623 0.069511 -0.050981 -4.260176  -1.952649
 558.603834 -1.645345 0.045166 0.065176 -0.018719 -4.261061  -1.953927
 559.414591 -1.645387 0.035706 0.060838 0.013565 -4.261762  -1.955121
 560.225347 -1.645357 0.026245 0.056498 0.045869 -4.262277  -1.956230
 561.036104 -1.645255 0.016783 0.052155 0.078193 -4.262607  -1.957255
 561.846860 -1.645082 0.007320 0.047810 0.110535 -4.262751  -1.958195
 562.657617 -1.644836 -0.002144 0.043463 0.142896 -4.262709  -1.959050
 563.468374 -1.644519 -0.011607 0.039114 0.175272 -4.262480  -1.959820
 564.279130 -1.644130 -0.021069 0.034763 0.207665 -4.262065  -1.960505
 565.089887 -1.643669 -0.030531 0.030411 0.240072 -4.261463  -1.961105
 565.900644 -1.643136 -0.039992 0.026057 0.272492 -4.260674  -1.961619
 566.711400 -1.642531 -0.049450 0.021702 0.304924 -4.259697  -1.962047
 567.522157 -1.641854 -0.058907 0.017347 0.337368 -4.258533  -1.962390
 568.332914 -1.641105 -0.068361 0.012990 0.369822 -4.257182  -1.962647
 569.143670 -1.640284 -0.077812 0.008633 0.402286 -4.255642  -1.962818
 569.954427 -1.639391 -0.087259 0.004275 0.434757 -4.253913  -1.962903
 570.765183 -1.638426 -0.096703 -0.000082 0.467235 -4.251996  -1.962901
 571.575940 -1.637388 -0.106142 -0.004440 0.499720 -4.249891  -1.962813
 572.386697 -1.636279 -0.115577 -0.008797 0.532209 -4.247596  -1.962638
 573.197453 -1.635098 -0.125007 -0.013154 0.564701 -4.245112  -1.962377
 574.008210 -1.633844 -0.134431 -0.017511 0.597197 -4.242438  -1.962028
 574.818967 -1.632518 -0.143849 -0.021866 0.629694 -4.239574  -1.961593
 575.629723 -1.631120 -0.153261 -0.026221 0.662191 -4.236521  -1.961071
 576.440480 -1.629650 -0.162666 -0.030575 0.694688 -4.233277  -1.960461
 577.251237 -1.628108 -0.172064 -0.034927 0.727183 -4.229843  -1.959764
 578.061993 -1.626494 -0.181454 -0.039278 0.759674 -4.226218  -1.958979
 578.872750 -1.624807 -0.190837 -0.043627 0.792162 -4.222402  -1.958107
 579.683506 -1.623049 -0.200210 -0.047974 0.824645 -4.218396  -1.957147
 580.494263 -1.621218 -0.209575 -0.052318 0.857121 -4.214197  -1.956099
 581.305020 -1.619315 -0.218931 -0.056661 0.889590 -4.209808  -1.954963
 582.115776 -1.617340 -0.228276 -0.061001 0.922050 -4.205226  -1.953738
 582.926533 -1.615293 -0.237612 -0.065338 0.954501 -4.200453  -1.952426
 583.737290 -1.613174 -0.246937 -0.069673 0.986940 -4.195487  -1.951025
 584.548046 -1.610983 -0.256251 -0.074004 1.019368 -4.190329  -1.949535
 585.358803 -1.608720 -0.265553 -0.078332 1.051782 -4.184978  -1.947957
 586.169560 -1.606385 -0.274844 -0.082656 1.084182 -4.179435  -1.946290
 586.980316 -1.603978 -0.284122 -0.086977 1.116566 -4.173698  -1.944534
 587.791073 -1.601500 -0.293388 -0.091294 1.148934 -4.167769  -1.942689
 588.601829 -1.598949 -0.302641 -0.095607 1.181284 -4.161646  -1.940754
 589.412586 -1.596327 -0.311879 -0.099915 1.213614 -4.155329  -1.938731
 590.223343 -1.593632 -0.321104 -0.104219 1.245924 -4.148819  -1.936618
 591.034099 -1.590866 -0.330315 -0.108519 1.278213 -4.142115  -1.934415
 591.844856 -1.588029 -0.339510 -0.112813 1.310479 -4.135216  -1.932123
 592.655613 -1.585119 -0.348690 -0.117102 1.342721 -4.128124  -1.929741
 593.466369 -1.582139 -0.357855 -0.121386 1.374938 -4.120837  -1.927269
 594.277126 -1.579086 -0.367003 -0.125665 1.407128 -4.113355  -1.924708
 595.087883 -1.575962 -0.376135 -0.129938 1.439291 -4.105679  -1.922056
 595.898639 -1.572767 -0.385249 -0.134205 1.471425 -4.097808  -1.919314
 596.709396 -1.569501 -0.394346 -0.138466 1.503529 -4.089742  -1.916481
 597.520152 -1.566163 -0.403426 -0.142720 1.535602 -4.081480  -1.913559
 598.330909 -1.562754 -0.412486 -0.146968 1.567642 -4.073023  -1.910546
 599.141666 -1.559274 -0.421529 -0.151210 1.599648 -4.064371  -1.907442
 599.952422 -1.555722 -0.430551 -0.155444 1.631619 -4.055523  -1.904247
 600.763179 -1.552100 -0.439555 -0.159672 1.663554 -4.046479  -1.900962
 601.573936 -1.548407 -0.448538 -0.163892 1.695451 -4.037239  -1.897586
 602.384692 -1.544643 -0.457501 -0.168104 1.727309 -4.027803  -1.894119
 603.195449 -1.540809 -0.466442 -0.172309 1.759127 -4.018171  -1.890560
 604.006206 -1.536903 -0.475363 -0.176506 1.790904 -4.008342  -1.886911
 604.816962 -1.532927 -0.484261 -0.180695 1.822638 -3.998317  -1.883170
 605.627719 -1.528881 -0.493137 -0.184876 1.854328 -3.988096  -1.879338
 606.438475 -1.524765 -0.501991 -0.189048 1.885972 -3.977678  -1.875415
 607.249232 -1.520578 -0.510821 -0.193211 1.917570 -3.967063  -1.871400
 608.059989 -1.516321 -0.519628 -0.197366 1.949119 -3.956251  -1.867294
 608.870745 -1.511994 -0.528411 -0.201511 1.980619 -3.945242  -1.863095
 609.681502 -1.507597 -0.537170 -0.205647 2.012069 -3.934037  -1.858805
 610.492259 -1.503130 -0.545903 -0.209774 2.043466 -3.922634  -1.854424
 611.303015 -1.498593 -0.554611 -0.213891 2.074810 -3.911034  -1.849950
 612.113772 -1.493987 -0.563294 -0.217998 2.106100 -3.899236  -1.845384
 612.924529 -1.489312 -0.571950 -0.222094 2.137333 -3.887242  -1.840727
 613.735285 -1.484567 -0.580580 -0.226181 2.168509 -3.875050  -1.835977
 614.546042 -1.479753 -0.589183 -0.230257 2.199626 -3.862660  -1.831135
 615.356798 -1.474870 -0.597758 -0.234322 2.230682 -3.850073  -1.826201
 616.167555 -1.469918 -0.606305 -0.238376 2.261678 -3.837288  -1.821174
 616.978312 -1.464897 -0.614824 -0.242419 2.292610 -3.824306  -1.816055
 617.789068 -1.459807 -0.623314 -0.246451 2.323477 -3.811126  -1.810844
 618.599825 -1.454649 -0.631774 -0.250471 2.354279 -3.797748  -1.805541
 619.410582 -1.449422 -0.640205 -0.254479 2.385014 -3.784173  -1.800144
 620.221338 -1.444128 -0.648606 -0.258475 2.415680 -3.770400  -1.794656
 621.032095 -1.438765 -0.656976 -0.262460 2.446276 -3.756429  -1.789074
 621.842851 -1.433334 -0.665316 -0.266431 2.476800 -3.742260  -1.783400
 622.653608 -1.427836 -0.673623 -0.270390 2.507252 -3.727894  -1.777634
 623.464365 -1.422270 -0.681899 -0.274337 2.537629 -3.713329  -1.771774
 624.275121 -1.416636 -0.690143 -0.278270 2.567930 -3.698568  -1.765822
 625.085878 -1.410935 -0.698354 -0.282190 2.598154 -3.683608  -1.759777
 625.896635 -1.405167 -0.706531 -0.286097 2.628299 -3.668451  -1.753640
 626.707391 -1.399333 -0.714675 -0.289990 2.658364 -3.653096  -1.747409
 627.518148 -1.393431 -0.722785 -0.293869 2.688348 -3.637543  -1.741086
 628.328905 -1.387463 -0.730861 -0.297734 2.718248 -3.621793  -1.734670
 629.139661 -1.381428 -0.738901 -0.301585 2.748063 -3.605845  -1.728161
 629.950418 -1.375328 -0.746906 -0.305422 2.777792 -3.589700  -1.721559
 630.761174 -1.369161 -0.754875 -0.309244 2.807434 -3.573358  -1.714864
 631.571931 -1.362928 -0.762808 -0.313051 2.836986 -3.556818  -1.708076
 632.382688 -1.356630 -0.770704 -0.316843 2.866447 -3.540081  -1.701195
 633.193444 -1.350267 -0.778563 -0.320619 2.895816 -3.523146  -1.694221
 634.004201 -1.343838 -0.786384 -0.324381 2.925092 -3.506015  -1.687155
 634.814958 -1.337344 -0.794168 -0.328126 2.954271 -3.488687  -1.679995
 635.625714 -1.330786 -0.801913 -0.331856 2.983355 -3.471162  -1.672743
 636.436471 -1.324163 -0.809619 -0.335569 3.012339 -3.453440  -1.665398
 637.247228 -1.317475 -0.817285 -0.339266 3.041224 -3.435522  -1.657960
 638.057984 -1.310724 -0.824912 -0.342947 3.070006 -3.417407  -1.650429
 638.868741 -1.303909 -0.832499 -0.346611 3.098686 -3.399096  -1.642805
 639.679497 -1.297029 -0.840045 -0.350258 3.127261 -3.380589  -1.635088
 640.490254 -1.290087 -0.847550 -0.353888 3.155730 -3.361886  -1.627279
 641.301011 -1.283081 -0.855013 -0.357500 3.184090 -3.342987  -1.619377
 642.111767 -1.276013 -0.862435 -0.361095 3.212341 -3.323893  -1.611382
 642.922524 -1.268881 -0.869814 -0.364673 3.240481 -3.304603  -1.603295
 643.733281 -1.261687 -0.877150 -0.368232 3.268508 -3.285118  -1.595115
 644.544037 -1.254431 -0.884443 -0.371773 3.296421 -3.265438  -1.586843
 645.354794 -1.247113 -0.891692 -0.375296 3.324218 -3.245564  -1.578478
 646.165551 -1.239733 -0.898897 -0.378800 3.351897 -3.225494  -1.570020
 646.976307 -1.232292 -0.906058 -0.382286 3.379456 -3.205231  -1.561471
 647.787064 -1.224790 -0.913173 -0.385752 3.406895 -3.184773  -1.552829
 648.597820 -1.217226 -0.920244 -0.389199 3.434211 -3.164122  -1.544095
 649.408577 -1.209602 -0.927268 -0.392627 3.461402 -3.143277  -1.535269
 650.219334 -1.201918 -0.934246 -0.396036 3.488468 -3.122239  -1.526351
 651.030090 -1.194174 -0.941177 -0.399424 3.515406 -3.101008  -1.517340
 651.840847 -1.186370 -0.948062 -0.402793 3.542214 -3.079585  -1.508238
 652.651604 -1.178506 -0.954898 -0.406141 3.568892 -3.057969  -1.499045
 653.462360 -1.170583 -0.961687 -0.409469 3.595437 -3.036161  -1.489759
 654.273117 -1.162601 -0.968427 -0.412776 3.621847 -3.014162  -1.480383
 655.083874 -1.154561 -0.975119 -0.416062 3.648121 -2.991971  -1.470914
 655.894630 -1.146462 -0.981761 -0.419328 3.674257 -2.969590  -1.461355
 656.705387 -1.138305 -0.988353 -0.422572 3.700254 -2.947018  -1.451704
 657.516143 -1.130090 -0.994896 -0.425795 3.726109 -2.924256  -1.441962
 658.326900 -1.121818 -1.001388 -0.428996 3.751821 -2.901304  -1.432130
 659.137657 -1.113489 -1.007828 -0.432175 3.777389 -2.878163  -1.422206
 659.948413 -1.105104 -1.014218 -0.435333 3.802810 -2.854832  -1.412192
 660.759170 -1.096661 -1.020556 -0.438468 3.828082 -2.831314  -1.402088
 661.569927 -1.088163 -1.026841 -0.441580 3.853205 -2.807607  -1.391893
 662.380683 -1.079609 -1.033074 -0.444670 3.878175 -2.783713  -1.381608
 663.191440 -1.070999 -1.039254 -0.447737 3.902992 -2.759632  -1.371233
 664.002197 -1.062335 -1.045380 -0.450782 3.927653 -2.735364  -1.360769
 664.812953 -1.053615 -1.051453 -0.453803 3.952158 -2.710910  -1.350214
 665.623710 -1.044841 -1.057471 -0.456800 3.976503 -2.686270  -1.339571
 666.434466 -1.036014 -1.063435 -0.459774 4.000688 -2.661445  -1.328838
 667.245223 -1.027132 -1.069343 -0.462724 4.024710 -2.636436  -1.318016
 668.055980 -1.018197 -1.075196 -0.465650 4.048567 -2.611243  -1.307105
 668.866736 -1.009209 -1.080993 -0.468552 4.072259 -2.585866  -1.296106
 669.677493 -1.000169 -1.086733 -0.471429 4.095782 -2.560307  -1.285018
 670.488250 -0.991076 -1.092417 -0.474282 4.119136 -2.534566  -1.273842
 671.299006 -0.981932 -1.098044 -0.477110 4.142318 -2.508642  -1.262578
 672.109763 -0.972736 -1.103613 -0.479913 4.165326 -2.482538  -1.251227
 672.920520 -0.963489 -1.109125 -0.482690 4.188159 -2.456254  -1.239788
 673.731276 -0.954191 -1.114577 -0.485443 4.210815 -2.429790  -1.228262
 674.542033 -0.944843 -1.119972 -0.488169 4.233292 -2.403147  -1.216649
 675.352789 -0.935445 -1.125307 -0.490870 4.255588 -2.376325  -1.204949
 676.163546 -0.925998 -1.130582 -0.493545 4.277702 -2.349326  -1.193163
 676.974303 -0.916501 -1.135797 -0.496194 4.299630 -2.322150  -1.181290
 677.785059 -0.906956 -1.140953 -0.498817 4.321373 -2.294798  -1.169332
 678.595816 -0.897363 -1.146047 -0.501413 4.342927 -2.267271  -1.157289
 679.406573 -0.887721 -1.151080 -0.503982 4.364291 -2.239569  -1.145160
 680.217329 -0.878033 -1.156052 -0.506524 4.385463 -2.211693  -1.132946
 681.028086 -0.868297 -1.160962 -0.509039 4.406441 -2.183644  -1.120647
 681.838843 -0.858515 -1.165810 -0.511527 4.427224 -2.155423  -1.108265
 682.649599 -0.848686 -1.170595 -0.513987 4.447808 -2.127030  -1.095798
 683.460356 -0.838812 -1.175317 -0.516420 4.468193 -2.098467  -1.083248
 684.271112 -0.828893 -1.179976 -0.518825 4.488377 -2.069735  -1.070614
 685.081869 -0.818929 -1.184570 -0.521202 4.508358 -2.040833  -1.057898
 685.892626 -0.808920 -1.189101 -0.523550 4.528133 -2.011764  -1.045099
 686.703382 -0.798868 -1.193567 -0.525870 4.547701 -1.982528  -1.032218
 687.514139 -0.788772 -1.197968 -0.528162 4.567060 -1.953125  -1.019255
 688.324896 -0.778633 -1.202304 -0.530424 4.586208 -1.923558  -1.006211
 689.135652 -0.768451 -1.206575 -0.532658 4.605144 -1.893827  -0.993085
 689.946409 -0.758228 -1.210779 -0.534863 4.623865 -1.863932  -0.979879
 690.757166 -0.747963 -1.214917 -0.537038 4.642369 -1.833876  -0.966593
 691.567922 -0.737657 -1.218988 -0.539184 4.660655 -1.803658  -0.953228
 692.378679 -0.727310 -1.222992 -0.541300 4.678720 -1.773281  -0.939782
 693.189435 -0.716924 -1.226929 -0.543387 4.696563 -1.742744  -0.926258
 694.000192 -0.706497 -1.230798 -0.545443 4.714182 -1.712050  -0.912656
 694.810949 -0.696032 -1.234598 -0.547469 4.731575 -1.681199  -0.898975
 695.621705 -0.685528 -1.238331 -0.549465 4.748740 -1.650193  -0.885217
 696.432462 -0.674985 -1.241994 -0.551430 4.765675 -1.619032  -0.871382
 697.243219 -0.664406 -1.245588 -0.553364 4.782378 -1.587718  -0.857471
 698.053975 -0.653789 -1.249113 -0.555268 4.798848 -1.556252  -0.843483
 698.864732 -0.643135 -1.252568 -0.557140 4.815081 -1.524635  -0.829420
 699.675489 -0.632446 -1.255953 -0.558982 4.831078 -1.492868  -0.815282
 700.486245 -0.621721 -1.259267 -0.560792 4.846835 -1.460953  -0.801069
 701.297002 -0.610961 -1.262510 -0.562570 4.862350 -1.428891  -0.786782
 702.107758 -0.600166 -1.265682 -0.564317 4.877623 -1.396683  -0.772422
 702.918515 -0.589338 -1.268783 -0.566031 4.892650 -1.364331  -0.757989
 703.729272 -0.578476 -1.271812 -0.567714 4.907431 -1.331835  -0.743483
 704.540028 -0.567582 -1.274768 -0.569365 4.921962 -1.299198  -0.728906
 705.350785 -0.556655 -1.277653 -0.570983 4.936243 -1.266420  -0.714258
 706.161542 -0.545697 -1.280464 -0.572569 4.950271 -1.233503  -0.699539
 706.972298 -0.534707 -1.283202 -0.574122 4.964045 -1.200449  -0.684750
 707.783055 -0.523687 -1.285867 -0.575642 4.977562 -1.167258  -0.669891
 708.593812 -0.512637 -1.288459 -0.577129 4.990821 -1.133933  -0.654964
 709.404568 -0.501557 -1.290976 -0.578583 5.003820 -1.100474  -0.639969
 710.215325 -0.490449 -1.293419 -0.580004 5.016557 -1.066884  -0.624906
 711.026081 -0.479312 -1.295788 -0.581391 5.029031 -1.033163  -0.609777
 711.836838 -0.468147 -1.298081 -0.582745 5.041238 -0.999314  -0.594581
 712.647595 -0.456956 -1.300300 -0.584065 5.053178 -0.965338  -0.579319
 713.458351 -0.445738 -1.302443 -0.585351 5.064849 -0.931236  -0.563993
 714.269108 -0.434494 -1.304510 -0.586603 5.076248 -0.897011  -0.548603
 715.079865 -0.423225 -1.306502 -0.587821 5.087375 -0.862663  -0.533149
 715.890621 -0.411931 -1.308417 -0.589004 5.098227 -0.828195  -0.517633
 716.701378 -0.400613 -1.310255 -0.590153 5.108802 -0.793608  -0.502054
 717.512135 -0.389271 -1.312017 -0.591268 5.119098 -0.758903  -0.486415
 718.322891 -0.377907 -1.313702 -0.592348 5.129115 -0.724083  -0.470714
 719.133648 -0.366520 -1.315309 -0.593393 5.138849 -0.689150  -0.454954
 719.944404 -0.355112 -1.316839 -0.594403 5.148300 -0.654105  -0.439135
 720.755161 -0.343682 -1.318291 -0.595378 5.157465 -0.618949  -0.423258
 721.565918 -0.332233 -1.319665 -0.596317 5.166343 -0.583685  -0.407324
 722.376674 -0.320764 -1.320961 -0.597222 5.174932 -0.548315  -0.391332
 723.187431 -0.309275 -1.322178 -0.598090 5.183230 -0.512840  -0.375285
 723.998188 -0.297769 -1.323317 -0.598923 5.191235 -0.477263  -0.359183
 724.808944 -0.286244 -1.324376 -0.599721 5.198946 -0.441585  -0.343027
 725.619701 -0.274702 -1.325357 -0.600482 5.206362 -0.405808  -0.326817
 726.430457 -0.263144 -1.326258 -0.601208 5.213480 -0.369934  -0.310555
 727.241214 -0.251570 -1.327079 -0.601897 5.220298 -0.333966  -0.294242
 728.051971 -0.239981 -1.327820 -0.602551 5.226816 -0.297904  -0.277878
 728.862727 -0.228378 -1.328482 -0.603167 5.233030 -0.261752  -0.261463
 729.673484 -0.216760 -1.329063 -0.603748 5.238941 -0.225511  -0.245000
 730.484197 -0.205130 -1.329563 -0.604292 5.244546 -0.189183  -0.228489